x y lat lon sand clay color fractional coverage of grid by vegetation class (columns: 18 IGBP classes, sum to 1.0 per cell) -- ParFlow-CLM v3.15 (2026)
CLASSIC 2-LINE HEADER: drv_readvegtf skips exactly two lines; do NOT add banner comments here (they get read as data and crash CLM init)
1 1 38.657912 -107.074435 0.42 0.19 5 1 0 0 0 0 0 0 0 0 0 0 0 0 0 0 0 0 0
2 1 38.659072 -107.062687 0.44 0.16 5 1 0 0 0 0 0 0 0 0 0 0 0 0 0 0 0 0 0
3 1 38.660230 -107.050938 0.43 0.17 5 0 0 0 1 0 0 0 0 0 0 0 0 0 0 0 0 0 0
4 1 38.661388 -107.039188 0.44 0.16 5 0 0 0 0 1 0 0 0 0 0 0 0 0 0 0 0 0 0
5 1 38.662543 -107.027438 0.41 0.20 5 0 0 0 0 0 0 1 0 0 0 0 0 0 0 0 0 0 0
6 1 38.663698 -107.015688 0.39 0.24 5 0 0 0 0 0 0 1 0 0 0 0 0 0 0 0 0 0 0
7 1 38.664851 -107.003938 0.50 0.18 5 0 0 0 0 0 0 1 0 0 0 0 0 0 0 0 0 0 0
8 1 38.666002 -106.992186 0.40 0.23 2 0 0 0 0 0 0 1 0 0 0 0 0 0 0 0 0 0 0
9 1 38.667153 -106.980435 0.53 0.17 2 0 0 0 0 0 0 1 0 0 0 0 0 0 0 0 0 0 0
10 1 38.668302 -106.968683 0.53 0.15 2 0 0 0 0 0 0 0 0 0 0 0 1 0 0 0 0 0 0
11 1 38.669449 -106.956930 0.48 0.16 2 0 0 0 0 0 0 1 0 0 0 0 0 0 0 0 0 0 0
12 1 38.670596 -106.945177 0.39 0.25 4 0 0 0 0 0 0 1 0 0 0 0 0 0 0 0 0 0 0
13 1 38.671741 -106.933424 0.38 0.27 5 0 0 0 0 0 0 1 0 0 0 0 0 0 0 0 0 0 0
14 1 38.672884 -106.921670 0.37 0.27 5 0 0 0 0 0 0 1 0 0 0 0 0 0 0 0 0 0 0
15 1 38.674026 -106.909916 0.37 0.27 5 0 0 0 0 0 0 1 0 0 0 0 0 0 0 0 0 0 0
16 1 38.675167 -106.898162 0.37 0.27 5 0 0 0 1 0 0 0 0 0 0 0 0 0 0 0 0 0 0
17 1 38.676307 -106.886407 0.37 0.27 5 0 0 0 1 0 0 0 0 0 0 0 0 0 0 0 0 0 0
18 1 38.677445 -106.874651 0.37 0.28 5 0 0 0 0 0 0 1 0 0 0 0 0 0 0 0 0 0 0
19 1 38.678582 -106.862895 0.36 0.30 4 0 0 0 0 0 0 1 0 0 0 0 0 0 0 0 0 0 0
20 1 38.679718 -106.851139 0.55 0.16 5 0 0 0 0 0 0 1 0 0 0 0 0 0 0 0 0 0 0
21 1 38.680852 -106.839382 0.65 0.11 5 0 0 0 0 0 0 1 0 0 0 0 0 0 0 0 0 0 0
22 1 38.681985 -106.827625 0.45 0.21 5 0 0 0 0 0 0 1 0 0 0 0 0 0 0 0 0 0 0
23 1 38.683116 -106.815868 0.46 0.16 3 0 0 0 0 0 0 1 0 0 0 0 0 0 0 0 0 0 0
24 1 38.684246 -106.804110 0.56 0.12 3 0 0 0 0 0 0 1 0 0 0 0 0 0 0 0 0 0 0
25 1 38.685375 -106.792351 0.62 0.12 3 0 0 0 0 0 0 1 0 0 0 0 0 0 0 0 0 0 0
26 1 38.686503 -106.780592 0.68 0.12 3 0 0 0 1 0 0 0 0 0 0 0 0 0 0 0 0 0 0
27 1 38.687629 -106.768833 0.68 0.12 3 0 0 0 1 0 0 0 0 0 0 0 0 0 0 0 0 0 0
28 1 38.688754 -106.757073 0.68 0.12 3 0 0 0 0 0 0 1 0 0 0 0 0 0 0 0 0 0 0
29 1 38.689877 -106.745313 0.67 0.08 3 0 0 0 0 0 0 1 0 0 0 0 0 0 0 0 0 0 0
30 1 38.690999 -106.733553 0.64 0.08 3 0 0 0 0 0 0 1 0 0 0 0 0 0 0 0 0 0 0
31 1 38.692120 -106.721792 0.52 0.11 5 1 0 0 0 0 0 0 0 0 0 0 0 0 0 0 0 0 0
32 1 38.693239 -106.710030 0.46 0.12 5 1 0 0 0 0 0 0 0 0 0 0 0 0 0 0 0 0 0
1 2 38.667087 -107.075921 0.44 0.15 5 1 0 0 0 0 0 0 0 0 0 0 0 0 0 0 0 0 0
2 2 38.668246 -107.064171 0.44 0.16 5 1 0 0 0 0 0 0 0 0 0 0 0 0 0 0 0 0 0
3 2 38.669405 -107.052421 0.43 0.17 5 1 0 0 0 0 0 0 0 0 0 0 0 0 0 0 0 0 0
4 2 38.670562 -107.040669 0.44 0.16 5 1 0 0 0 0 0 0 0 0 0 0 0 0 0 0 0 0 0
5 2 38.671718 -107.028918 0.43 0.19 5 0 0 0 1 0 0 0 0 0 0 0 0 0 0 0 0 0 0
6 2 38.672873 -107.017166 0.30 0.27 4 0 0 0 0 0 0 1 0 0 0 0 0 0 0 0 0 0 0
7 2 38.674026 -107.005414 0.34 0.26 4 0 0 0 0 0 0 1 0 0 0 0 0 0 0 0 0 0 0
8 2 38.675178 -106.993661 0.37 0.24 4 0 0 0 0 0 0 1 0 0 0 0 0 0 0 0 0 0 0
9 2 38.676328 -106.981907 0.54 0.14 4 0 0 0 0 0 0 0 0 0 0 0 1 0 0 0 0 0 0
10 2 38.677478 -106.970154 0.38 0.26 4 0 0 0 0 0 0 1 0 0 0 0 0 0 0 0 0 0 0
11 2 38.678625 -106.958400 0.37 0.29 4 0 0 0 0 0 0 1 0 0 0 0 0 0 0 0 0 0 0
12 2 38.679772 -106.946645 0.36 0.30 4 0 0 0 0 0 0 1 0 0 0 0 0 0 0 0 0 0 0
13 2 38.680917 -106.934890 0.37 0.28 5 0 0 0 0 0 0 1 0 0 0 0 0 0 0 0 0 0 0
14 2 38.682061 -106.923135 0.38 0.24 5 0 0 0 0 0 0 1 0 0 0 0 0 0 0 0 0 0 0
15 2 38.683203 -106.911379 0.37 0.26 5 0 0 0 1 0 0 0 0 0 0 0 0 0 0 0 0 0 0
16 2 38.684344 -106.899622 0.39 0.22 4 1 0 0 0 0 0 0 0 0 0 0 0 0 0 0 0 0 0
17 2 38.685484 -106.887866 0.37 0.27 5 0 0 0 1 0 0 0 0 0 0 0 0 0 0 0 0 0 0
18 2 38.686623 -106.876109 0.37 0.28 5 0 0 0 0 0 0 1 0 0 0 0 0 0 0 0 0 0 0
19 2 38.687760 -106.864351 0.36 0.29 4 0 0 0 0 0 0 1 0 0 0 0 0 0 0 0 0 0 0
20 2 38.688895 -106.852593 0.55 0.16 5 0 0 0 0 0 0 1 0 0 0 0 0 0 0 0 0 0 0
21 2 38.690030 -106.840835 0.58 0.16 5 0 0 0 0 0 0 1 0 0 0 0 0 0 0 0 0 0 0
22 2 38.691163 -106.829076 0.39 0.23 5 0 0 0 0 0 0 1 0 0 0 0 0 0 0 0 0 0 0
23 2 38.692295 -106.817316 0.60 0.13 5 0 0 0 0 0 0 1 0 0 0 0 0 0 0 0 0 0 0
24 2 38.693425 -106.805557 0.68 0.12 3 1 0 0 0 0 0 0 0 0 0 0 0 0 0 0 0 0 0
25 2 38.694554 -106.793797 0.68 0.12 3 0 0 0 1 0 0 0 0 0 0 0 0 0 0 0 0 0 0
26 2 38.695682 -106.782036 0.68 0.12 3 0 0 0 1 0 0 0 0 0 0 0 0 0 0 0 0 0 0
27 2 38.696808 -106.770275 0.68 0.12 3 0 0 0 0 0 0 1 0 0 0 0 0 0 0 0 0 0 0
28 2 38.697933 -106.758514 0.68 0.10 3 0 0 0 0 0 0 1 0 0 0 0 0 0 0 0 0 0 0
29 2 38.699057 -106.746752 0.69 0.08 3 0 0 0 0 0 0 1 0 0 0 0 0 0 0 0 0 0 0
30 2 38.700179 -106.734990 0.68 0.08 5 1 0 0 0 0 0 0 0 0 0 0 0 0 0 0 0 0 0
31 2 38.701300 -106.723227 0.68 0.08 5 1 0 0 0 0 0 0 0 0 0 0 0 0 0 0 0 0 0
32 2 38.702419 -106.711464 0.46 0.12 5 1 0 0 0 0 0 0 0 0 0 0 0 0 0 0 0 0 0
1 3 38.676261 -107.077408 0.44 0.15 5 1 0 0 0 0 0 0 0 0 0 0 0 0 0 0 0 0 0
2 3 38.677421 -107.065656 0.44 0.16 5 1 0 0 0 0 0 0 0 0 0 0 0 0 0 0 0 0 0
3 3 38.678580 -107.053904 0.44 0.16 4 1 0 0 0 0 0 0 0 0 0 0 0 0 0 0 0 0 0
4 3 38.679737 -107.042151 0.42 0.19 5 1 0 0 0 0 0 0 0 0 0 0 0 0 0 0 0 0 0
5 3 38.680893 -107.030398 0.42 0.20 5 0 0 0 1 0 0 0 0 0 0 0 0 0 0 0 0 0 0
6 3 38.682048 -107.018644 0.25 0.30 4 0 0 0 0 0 0 1 0 0 0 0 0 0 0 0 0 0 0
7 3 38.683201 -107.006890 0.21 0.31 2 0 0 0 0 0 0 1 0 0 0 0 0 0 0 0 0 0 0
8 3 38.684354 -106.995136 0.27 0.29 2 0 0 0 0 0 0 1 0 0 0 0 0 0 0 0 0 0 0
9 3 38.685504 -106.983381 0.39 0.24 5 0 0 0 0 0 0 0 0 0 0 0 1 0 0 0 0 0 0
10 3 38.686654 -106.971625 0.36 0.30 4 0 0 0 0 0 0 1 0 0 0 0 0 0 0 0 0 0 0
11 3 38.687802 -106.959869 0.36 0.30 4 0 0 0 0 0 0 1 0 0 0 0 0 0 0 0 0 0 0
12 3 38.688948 -106.948113 0.36 0.30 4 0 0 0 0 0 0 1 0 0 0 0 0 0 0 0 0 0 0
13 3 38.690094 -106.936356 0.38 0.27 5 0 0 0 0 0 0 1 0 0 0 0 0 0 0 0 0 0 0
14 3 38.691238 -106.924599 0.38 0.25 5 0 0 0 0 0 0 1 0 0 0 0 0 0 0 0 0 0 0
15 3 38.692380 -106.912842 0.39 0.21 5 0 0 0 1 0 0 0 0 0 0 0 0 0 0 0 0 0 0
16 3 38.693522 -106.901084 0.41 0.19 4 1 0 0 0 0 0 0 0 0 0 0 0 0 0 0 0 0 0
17 3 38.694662 -106.889325 0.38 0.21 5 0 0 0 1 0 0 0 0 0 0 0 0 0 0 0 0 0 0
18 3 38.695800 -106.877566 0.37 0.28 5 0 0 0 0 0 0 1 0 0 0 0 0 0 0 0 0 0 0
19 3 38.696937 -106.865807 0.36 0.29 4 0 0 0 0 0 0 1 0 0 0 0 0 0 0 0 0 0 0
20 3 38.698073 -106.854047 0.44 0.19 5 0 0 0 0 0 0 1 0 0 0 0 0 0 0 0 0 0 0
21 3 38.699208 -106.842287 0.42 0.21 2 0 0 0 0 0 0 1 0 0 0 0 0 0 0 0 0 0 0
22 3 38.700341 -106.830527 0.40 0.22 5 0 0 0 0 0 0 1 0 0 0 0 0 0 0 0 0 0 0
23 3 38.701473 -106.818766 0.40 0.23 5 0 0 0 0 0 0 1 0 0 0 0 0 0 0 0 0 0 0
24 3 38.702604 -106.807004 0.67 0.12 3 0 0 0 0 0 0 1 0 0 0 0 0 0 0 0 0 0 0
25 3 38.703733 -106.795243 0.68 0.12 3 1 0 0 0 0 0 0 0 0 0 0 0 0 0 0 0 0 0
26 3 38.704861 -106.783480 0.64 0.12 3 0 0 0 0 0 0 1 0 0 0 0 0 0 0 0 0 0 0
27 3 38.705987 -106.771718 0.68 0.12 3 0 0 0 0 0 0 1 0 0 0 0 0 0 0 0 0 0 0
28 3 38.707112 -106.759955 0.68 0.10 3 0 0 0 0 0 0 1 0 0 0 0 0 0 0 0 0 0 0
29 3 38.708236 -106.748191 0.66 0.08 3 0 0 0 0 0 0 1 0 0 0 0 0 0 0 0 0 0 0
30 3 38.709359 -106.736427 0.69 0.08 5 0 0 0 1 0 0 0 0 0 0 0 0 0 0 0 0 0 0
31 3 38.710480 -106.724663 0.69 0.08 5 0 0 0 1 0 0 0 0 0 0 0 0 0 0 0 0 0 0
32 3 38.711600 -106.712898 0.49 0.12 5 1 0 0 0 0 0 0 0 0 0 0 0 0 0 0 0 0 0
1 4 38.685435 -107.078895 0.45 0.14 5 1 0 0 0 0 0 0 0 0 0 0 0 0 0 0 0 0 0
2 4 38.686596 -107.067142 0.46 0.15 5 1 0 0 0 0 0 0 0 0 0 0 0 0 0 0 0 0 0
3 4 38.687755 -107.055388 0.38 0.25 5 0 0 0 1 0 0 0 0 0 0 0 0 0 0 0 0 0 0
4 4 38.688912 -107.043633 0.40 0.24 5 0 0 0 1 0 0 0 0 0 0 0 0 0 0 0 0 0 0
5 4 38.690069 -107.031878 0.42 0.20 4 0 0 0 1 0 0 0 0 0 0 0 0 0 0 0 0 0 0
6 4 38.691224 -107.020123 0.20 0.32 5 0 0 0 0 0 0 1 0 0 0 0 0 0 0 0 0 0 0
7 4 38.692377 -107.008367 0.47 0.20 5 0 0 0 0 0 0 1 0 0 0 0 0 0 0 0 0 0 0
8 4 38.693529 -106.996611 0.49 0.19 4 0 0 0 0 0 0 1 0 0 0 0 0 0 0 0 0 0 0
9 4 38.694680 -106.984854 0.36 0.29 4 0 0 0 0 0 0 1 0 0 0 0 0 0 0 0 0 0 0
10 4 38.695830 -106.973097 0.36 0.30 4 0 0 0 0 0 0 1 0 0 0 0 0 0 0 0 0 0 0
11 4 38.696978 -106.961339 0.36 0.30 4 0 0 0 0 0 0 1 0 0 0 0 0 0 0 0 0 0 0
12 4 38.698125 -106.949581 0.36 0.30 5 0 0 0 0 0 0 1 0 0 0 0 0 0 0 0 0 0 0
13 4 38.699270 -106.937823 0.37 0.28 5 0 0 0 0 0 0 1 0 0 0 0 0 0 0 0 0 0 0
14 4 38.700415 -106.926064 0.37 0.27 5 0 0 0 0 0 0 1 0 0 0 0 0 0 0 0 0 0 0
15 4 38.701558 -106.914305 0.37 0.27 4 0 0 0 1 0 0 0 0 0 0 0 0 0 0 0 0 0 0
16 4 38.702699 -106.902545 0.41 0.21 5 1 0 0 0 0 0 0 0 0 0 0 0 0 0 0 0 0 0
17 4 38.703839 -106.890785 0.39 0.23 5 0 0 0 1 0 0 0 0 0 0 0 0 0 0 0 0 0 0
18 4 38.704978 -106.879025 0.39 0.24 4 0 0 0 1 0 0 0 0 0 0 0 0 0 0 0 0 0 0
19 4 38.706115 -106.867264 0.19 0.32 4 0 0 0 0 0 0 1 0 0 0 0 0 0 0 0 0 0 0
20 4 38.707252 -106.855502 0.50 0.17 4 0 0 0 0 0 0 1 0 0 0 0 0 0 0 0 0 0 0
21 4 38.708386 -106.843740 0.41 0.19 2 0 0 0 0 0 0 1 0 0 0 0 0 0 0 0 0 0 0
22 4 38.709520 -106.831978 0.42 0.20 5 0 0 0 0 0 0 1 0 0 0 0 0 0 0 0 0 0 0
23 4 38.710652 -106.820216 0.40 0.23 5 0 0 0 0 0 0 1 0 0 0 0 0 0 0 0 0 0 0
24 4 38.711783 -106.808452 0.68 0.09 3 0 0 0 0 0 0 1 0 0 0 0 0 0 0 0 0 0 0
25 4 38.712912 -106.796689 0.59 0.10 3 0 0 0 0 0 0 1 0 0 0 0 0 0 0 0 0 0 0
26 4 38.714040 -106.784925 0.52 0.12 3 0 0 0 0 0 0 0 0 0 0 0 1 0 0 0 0 0 0
27 4 38.715167 -106.773161 0.68 0.12 3 1 0 0 0 0 0 0 0 0 0 0 0 0 0 0 0 0 0
28 4 38.716292 -106.761396 0.69 0.08 3 1 0 0 0 0 0 0 0 0 0 0 0 0 0 0 0 0 0
29 4 38.717416 -106.749630 0.69 0.08 3 0 0 0 0 0 0 1 0 0 0 0 0 0 0 0 0 0 0
30 4 38.718539 -106.737865 0.69 0.08 5 1 0 0 0 0 0 0 0 0 0 0 0 0 0 0 0 0 0
31 4 38.719660 -106.726099 0.69 0.08 5 1 0 0 0 0 0 0 0 0 0 0 0 0 0 0 0 0 0
32 4 38.720780 -106.714332 0.27 0.05 5 0 0 0 1 0 0 0 0 0 0 0 0 0 0 0 0 0 0
1 5 38.694610 -107.080383 0.43 0.15 5 1 0 0 0 0 0 0 0 0 0 0 0 0 0 0 0 0 0
2 5 38.695771 -107.068627 0.40 0.23 5 0 0 0 1 0 0 0 0 0 0 0 0 0 0 0 0 0 0
3 5 38.696930 -107.056872 0.38 0.26 5 0 0 0 1 0 0 0 0 0 0 0 0 0 0 0 0 0 0
4 5 38.698088 -107.045116 0.42 0.21 4 0 0 0 1 0 0 0 0 0 0 0 0 0 0 0 0 0 0
5 5 38.699244 -107.033359 0.34 0.25 4 0 0 0 0 0 0 0 0 0 1 0 0 0 0 0 0 0 0
6 5 38.700399 -107.021602 0.16 0.34 4 0 0 0 0 0 0 1 0 0 0 0 0 0 0 0 0 0 0
7 5 38.701553 -107.009844 0.17 0.34 4 0 0 0 0 0 0 0 0 0 1 0 0 0 0 0 0 0 0
8 5 38.702705 -106.998086 0.17 0.33 4 0 0 0 0 0 0 1 0 0 0 0 0 0 0 0 0 0 0
9 5 38.703856 -106.986328 0.36 0.30 4 0 0 0 0 0 0 1 0 0 0 0 0 0 0 0 0 0 0
10 5 38.705006 -106.974569 0.36 0.30 4 0 0 0 0 0 0 1 0 0 0 0 0 0 0 0 0 0 0
11 5 38.706155 -106.962810 0.36 0.30 4 0 0 0 0 0 0 1 0 0 0 0 0 0 0 0 0 0 0
12 5 38.707302 -106.951050 0.36 0.30 4 0 0 0 0 0 0 1 0 0 0 0 0 0 0 0 0 0 0
13 5 38.708447 -106.939290 0.38 0.27 5 0 0 0 0 0 0 1 0 0 0 0 0 0 0 0 0 0 0
14 5 38.709592 -106.927530 0.39 0.24 5 0 0 0 1 0 0 0 0 0 0 0 0 0 0 0 0 0 0
15 5 38.710735 -106.915769 0.37 0.28 5 0 0 0 1 0 0 0 0 0 0 0 0 0 0 0 0 0 0
16 5 38.711877 -106.904007 0.41 0.12 5 1 0 0 0 0 0 0 0 0 0 0 0 0 0 0 0 0 0
17 5 38.713017 -106.892246 0.37 0.28 5 0 0 0 1 0 0 0 0 0 0 0 0 0 0 0 0 0 0
18 5 38.714156 -106.880483 0.39 0.24 4 0 0 0 0 0 0 1 0 0 0 0 0 0 0 0 0 0 0
19 5 38.715293 -106.868721 0.14 0.35 4 0 0 0 0 0 0 1 0 0 0 0 0 0 0 0 0 0 0
20 5 38.716430 -106.856958 0.42 0.21 4 0 0 0 0 0 0 1 0 0 0 0 0 0 0 0 0 0 0
21 5 38.717565 -106.845194 0.44 0.17 2 0 0 0 0 0 0 0 0 0 1 0 0 0 0 0 0 0 0
22 5 38.718698 -106.833430 0.41 0.20 5 0 0 0 0 0 0 1 0 0 0 0 0 0 0 0 0 0 0
23 5 38.719831 -106.821666 0.42 0.20 5 0 0 0 0 0 0 1 0 0 0 0 0 0 0 0 0 0 0
24 5 38.720962 -106.809901 0.55 0.19 3 0 0 0 0 0 0 1 0 0 0 0 0 0 0 0 0 0 0
25 5 38.722091 -106.798136 0.66 0.15 3 0 0 0 0 0 0 1 0 0 0 0 0 0 0 0 0 0 0
26 5 38.723219 -106.786370 0.43 0.22 3 0 0 0 0 0 0 1 0 0 0 0 0 0 0 0 0 0 0
27 5 38.724346 -106.774604 0.69 0.08 3 0 0 0 0 0 0 1 0 0 0 0 0 0 0 0 0 0 0
28 5 38.725472 -106.762837 0.69 0.08 3 1 0 0 0 0 0 0 0 0 0 0 0 0 0 0 0 0 0
29 5 38.726596 -106.751070 0.69 0.08 3 1 0 0 0 0 0 0 0 0 0 0 0 0 0 0 0 0 0
30 5 38.727719 -106.739303 0.69 0.08 5 1 0 0 0 0 0 0 0 0 0 0 0 0 0 0 0 0 0
31 5 38.728840 -106.727535 0.69 0.08 5 1 0 0 0 0 0 0 0 0 0 0 0 0 0 0 0 0 0
32 5 38.729960 -106.715767 0.69 0.08 5 0 0 0 1 0 0 0 0 0 0 0 0 0 0 0 0 0 0
1 6 38.703785 -107.081871 0.37 0.28 5 0 0 0 1 0 0 0 0 0 0 0 0 0 0 0 0 0 0
2 6 38.704946 -107.070114 0.41 0.22 5 1 0 0 0 0 0 0 0 0 0 0 0 0 0 0 0 0 0
3 6 38.706105 -107.058356 0.41 0.22 5 0 0 0 1 0 0 0 0 0 0 0 0 0 0 0 0 0 0
4 6 38.707263 -107.046598 0.35 0.24 5 0 0 0 1 0 0 0 0 0 0 0 0 0 0 0 0 0 0
5 6 38.708420 -107.034840 0.19 0.33 4 0 0 0 0 0 0 1 0 0 0 0 0 0 0 0 0 0 0
6 6 38.709575 -107.023081 0.13 0.35 4 0 0 0 0 0 0 1 0 0 0 0 0 0 0 0 0 0 0
7 6 38.710729 -107.011322 0.15 0.34 5 0 0 0 0 0 0 1 0 0 0 0 0 0 0 0 0 0 0
8 6 38.711882 -106.999562 0.43 0.20 4 0 0 0 0 0 0 0 0 0 0 0 1 0 0 0 0 0 0
9 6 38.713033 -106.987802 0.37 0.27 4 0 0 0 0 0 0 1 0 0 0 0 0 0 0 0 0 0 0
10 6 38.714183 -106.976042 0.38 0.26 4 0 0 0 0 0 0 1 0 0 0 0 0 0 0 0 0 0 0
11 6 38.715331 -106.964281 0.38 0.25 4 0 0 0 0 0 0 1 0 0 0 0 0 0 0 0 0 0 0
12 6 38.716479 -106.952520 0.37 0.27 5 0 0 0 0 0 0 1 0 0 0 0 0 0 0 0 0 0 0
13 6 38.717625 -106.940758 0.40 0.23 5 0 0 0 0 0 0 1 0 0 0 0 0 0 0 0 0 0 0
14 6 38.718769 -106.928996 0.40 0.22 5 0 0 0 0 0 0 1 0 0 0 0 0 0 0 0 0 0 0
15 6 38.719912 -106.917233 0.38 0.26 5 0 0 0 1 0 0 0 0 0 0 0 0 0 0 0 0 0 0
16 6 38.721054 -106.905470 0.37 0.27 5 0 0 0 1 0 0 0 0 0 0 0 0 0 0 0 0 0 0
17 6 38.722195 -106.893706 0.37 0.29 5 0 0 0 1 0 0 0 0 0 0 0 0 0 0 0 0 0 0
18 6 38.723334 -106.881942 0.39 0.25 4 0 0 0 0 0 0 1 0 0 0 0 0 0 0 0 0 0 0
19 6 38.724472 -106.870178 0.33 0.26 4 0 0 0 0 0 0 1 0 0 0 0 0 0 0 0 0 0 0
20 6 38.725608 -106.858413 0.42 0.22 4 0 0 0 0 0 0 0 0 0 0 0 1 0 0 0 0 0 0
21 6 38.726743 -106.846648 0.61 0.15 5 0 0 0 0 0 0 0 0 0 0 0 1 0 0 0 0 0 0
22 6 38.727877 -106.834882 0.46 0.19 2 0 0 0 0 0 0 1 0 0 0 0 0 0 0 0 0 0 0
23 6 38.729010 -106.823116 0.41 0.22 5 0 0 0 0 0 0 1 0 0 0 0 0 0 0 0 0 0 0
24 6 38.730141 -106.811350 0.60 0.18 5 0 0 0 0 0 0 1 0 0 0 0 0 0 0 0 0 0 0
25 6 38.731270 -106.799583 0.65 0.14 3 1 0 0 0 0 0 0 0 0 0 0 0 0 0 0 0 0 0
26 6 38.732399 -106.787815 0.18 0.30 3 0 0 0 0 0 0 1 0 0 0 0 0 0 0 0 0 0 0
27 6 38.733526 -106.776048 0.53 0.15 4 1 0 0 0 0 0 0 0 0 0 0 0 0 0 0 0 0 0
28 6 38.734652 -106.764279 0.69 0.08 5 1 0 0 0 0 0 0 0 0 0 0 0 0 0 0 0 0 0
29 6 38.735776 -106.752511 0.69 0.08 5 1 0 0 0 0 0 0 0 0 0 0 0 0 0 0 0 0 0
30 6 38.736899 -106.740742 0.69 0.08 5 0 0 0 0 0 0 1 0 0 0 0 0 0 0 0 0 0 0
31 6 38.738021 -106.728972 0.68 0.09 5 0 0 0 0 0 0 1 0 0 0 0 0 0 0 0 0 0 0
32 6 38.739141 -106.717202 0.68 0.08 5 1 0 0 0 0 0 0 0 0 0 0 0 0 0 0 0 0 0
1 7 38.712960 -107.083359 0.42 0.19 5 1 0 0 0 0 0 0 0 0 0 0 0 0 0 0 0 0 0
2 7 38.714121 -107.071600 0.39 0.23 5 1 0 0 0 0 0 0 0 0 0 0 0 0 0 0 0 0 0
3 7 38.715280 -107.059841 0.39 0.24 6 1 0 0 0 0 0 0 0 0 0 0 0 0 0 0 0 0 0
4 7 38.716438 -107.048082 0.26 0.22 5 0 0 0 1 0 0 0 0 0 0 0 0 0 0 0 0 0 0
5 7 38.717595 -107.036322 0.30 0.23 5 0 0 0 1 0 0 0 0 0 0 0 0 0 0 0 0 0 0
6 7 38.718751 -107.024561 0.25 0.30 5 0 0 0 0 0 0 1 0 0 0 0 0 0 0 0 0 0 0
7 7 38.719905 -107.012800 0.38 0.20 5 0 0 0 0 0 0 0 0 0 0 0 1 0 0 0 0 0 0
8 7 38.721058 -107.001039 0.42 0.19 4 0 0 0 0 0 0 1 0 0 0 0 0 0 0 0 0 0 0
9 7 38.722209 -106.989277 0.39 0.24 4 0 0 0 0 0 0 1 0 0 0 0 0 0 0 0 0 0 0
10 7 38.723359 -106.977515 0.39 0.24 4 0 0 0 0 0 0 1 0 0 0 0 0 0 0 0 0 0 0
11 7 38.724508 -106.965752 0.39 0.24 4 0 0 0 1 0 0 0 0 0 0 0 0 0 0 0 0 0 0
12 7 38.725656 -106.953989 0.38 0.25 5 0 0 0 1 0 0 0 0 0 0 0 0 0 0 0 0 0 0
13 7 38.726802 -106.942226 0.40 0.22 5 0 0 0 0 0 0 1 0 0 0 0 0 0 0 0 0 0 0
14 7 38.727947 -106.930462 0.39 0.23 5 0 0 0 0 0 0 1 0 0 0 0 0 0 0 0 0 0 0
15 7 38.729090 -106.918698 0.40 0.25 5 0 0 0 0 0 0 1 0 0 0 0 0 0 0 0 0 0 0
16 7 38.730232 -106.906933 0.43 0.24 5 0 0 0 0 0 0 1 0 0 0 0 0 0 0 0 0 0 0
17 7 38.731373 -106.895168 0.37 0.27 5 0 0 0 0 0 0 1 0 0 0 0 0 0 0 0 0 0 0
18 7 38.732512 -106.883402 0.38 0.25 4 0 0 0 0 0 0 1 0 0 0 0 0 0 0 0 0 0 0
19 7 38.733650 -106.871636 0.40 0.23 4 0 0 0 0 0 0 1 0 0 0 0 0 0 0 0 0 0 0
20 7 38.734787 -106.859869 0.50 0.19 4 0 0 0 0 0 0 0 0 0 0 0 1 0 0 0 0 0 0
21 7 38.735922 -106.848102 0.65 0.14 5 0 0 0 0 0 0 0 0 0 0 0 1 0 0 0 0 0 0
22 7 38.737056 -106.836335 0.52 0.18 5 0 0 0 0 0 0 0 0 0 0 0 1 0 0 0 0 0 0
23 7 38.738189 -106.824567 0.41 0.21 5 0 0 0 0 0 0 1 0 0 0 0 0 0 0 0 0 0 0
24 7 38.739320 -106.812799 0.64 0.16 3 0 0 0 0 0 0 1 0 0 0 0 0 0 0 0 0 0 0
25 7 38.740450 -106.801030 0.31 0.26 3 0 0 0 1 0 0 0 0 0 0 0 0 0 0 0 0 0 0
26 7 38.741579 -106.789261 0.34 0.23 3 1 0 0 0 0 0 0 0 0 0 0 0 0 0 0 0 0 0
27 7 38.742706 -106.777492 0.69 0.08 3 1 0 0 0 0 0 0 0 0 0 0 0 0 0 0 0 0 0
28 7 38.743832 -106.765722 0.16 0.05 5 1 0 0 0 0 0 0 0 0 0 0 0 0 0 0 0 0 0
29 7 38.744956 -106.753952 0.28 0.05 5 1 0 0 0 0 0 0 0 0 0 0 0 0 0 0 0 0 0
30 7 38.746079 -106.742181 0.69 0.08 5 1 0 0 0 0 0 0 0 0 0 0 0 0 0 0 0 0 0
31 7 38.747201 -106.730410 0.66 0.11 5 0 0 0 0 0 0 1 0 0 0 0 0 0 0 0 0 0 0
32 7 38.748322 -106.718638 0.66 0.11 5 1 0 0 0 0 0 0 0 0 0 0 0 0 0 0 0 0 0
1 8 38.722135 -107.084848 0.43 0.17 4 1 0 0 0 0 0 0 0 0 0 0 0 0 0 0 0 0 0
2 8 38.723296 -107.073088 0.38 0.26 5 1 0 0 0 0 0 0 0 0 0 0 0 0 0 0 0 0 0
3 8 38.724456 -107.061327 0.40 0.23 6 1 0 0 0 0 0 0 0 0 0 0 0 0 0 0 0 0 0
4 8 38.725614 -107.049565 0.40 0.20 5 0 0 0 1 0 0 0 0 0 0 0 0 0 0 0 0 0 0
5 8 38.726771 -107.037804 0.32 0.23 5 0 0 0 0 0 0 1 0 0 0 0 0 0 0 0 0 0 0
6 8 38.727927 -107.026042 0.38 0.21 4 0 0 0 0 0 0 0 0 0 0 0 1 0 0 0 0 0 0
7 8 38.729081 -107.014279 0.43 0.17 4 0 0 0 0 0 0 0 0 0 0 0 1 0 0 0 0 0 0
8 8 38.730234 -107.002516 0.40 0.22 4 0 0 0 0 0 0 1 0 0 0 0 0 0 0 0 0 0 0
9 8 38.731386 -106.990752 0.39 0.24 4 0 0 0 0 0 0 1 0 0 0 0 0 0 0 0 0 0 0
10 8 38.732536 -106.978989 0.39 0.24 4 0 0 0 1 0 0 0 0 0 0 0 0 0 0 0 0 0 0
11 8 38.733685 -106.967224 0.39 0.24 5 0 0 0 1 0 0 0 0 0 0 0 0 0 0 0 0 0 0
12 8 38.734833 -106.955459 0.38 0.25 5 0 0 0 1 0 0 0 0 0 0 0 0 0 0 0 0 0 0
13 8 38.735979 -106.943694 0.40 0.23 5 0 0 0 0 0 0 1 0 0 0 0 0 0 0 0 0 0 0
14 8 38.737124 -106.931929 0.40 0.23 5 0 0 0 0 0 0 1 0 0 0 0 0 0 0 0 0 0 0
15 8 38.738268 -106.920163 0.40 0.23 5 0 0 0 0 0 0 1 0 0 0 0 0 0 0 0 0 0 0
16 8 38.739410 -106.908396 0.40 0.24 5 0 0 0 0 0 0 1 0 0 0 0 0 0 0 0 0 0 0
17 8 38.740551 -106.896629 0.42 0.24 5 0 0 0 0 0 0 1 0 0 0 0 0 0 0 0 0 0 0
18 8 38.741690 -106.884862 0.39 0.25 5 0 0 0 0 0 0 1 0 0 0 0 0 0 0 0 0 0 0
19 8 38.742829 -106.873094 0.38 0.24 4 0 0 0 0 0 0 1 0 0 0 0 0 0 0 0 0 0 0
20 8 38.743965 -106.861326 0.52 0.18 4 0 0 0 0 0 0 1 0 0 0 0 0 0 0 0 0 0 0
21 8 38.745101 -106.849557 0.46 0.21 4 0 0 0 0 0 0 0 0 0 0 0 1 0 0 0 0 0 0
22 8 38.746235 -106.837788 0.41 0.22 4 0 0 0 0 0 0 1 0 0 0 0 0 0 0 0 0 0 0
23 8 38.747368 -106.826019 0.42 0.20 5 0 0 0 0 0 0 1 0 0 0 0 0 0 0 0 0 0 0
24 8 38.748499 -106.814249 0.37 0.23 3 0 0 0 0 0 0 1 0 0 0 0 0 0 0 0 0 0 0
25 8 38.749630 -106.802478 0.46 0.18 3 0 0 0 1 0 0 0 0 0 0 0 0 0 0 0 0 0 0
26 8 38.750758 -106.790708 0.69 0.08 3 1 0 0 0 0 0 0 0 0 0 0 0 0 0 0 0 0 0
27 8 38.751886 -106.778936 0.57 0.14 3 1 0 0 0 0 0 0 0 0 0 0 0 0 0 0 0 0 0
28 8 38.753012 -106.767165 0.16 0.05 4 1 0 0 0 0 0 0 0 0 0 0 0 0 0 0 0 0 0
29 8 38.754137 -106.755393 0.58 0.12 5 1 0 0 0 0 0 0 0 0 0 0 0 0 0 0 0 0 0
30 8 38.755260 -106.743620 0.28 0.05 5 1 0 0 0 0 0 0 0 0 0 0 0 0 0 0 0 0 0
31 8 38.756382 -106.731847 0.27 0.05 5 0 0 0 1 0 0 0 0 0 0 0 0 0 0 0 0 0 0
32 8 38.757503 -106.720074 0.26 0.05 5 0 0 0 0 0 0 1 0 0 0 0 0 0 0 0 0 0 0
1 9 38.731310 -107.086337 0.37 0.27 5 0 0 0 1 0 0 0 0 0 0 0 0 0 0 0 0 0 0
2 9 38.732471 -107.074575 0.40 0.24 5 0 0 0 1 0 0 0 0 0 0 0 0 0 0 0 0 0 0
3 9 38.733631 -107.062813 0.42 0.20 5 0 0 0 0 0 0 1 0 0 0 0 0 0 0 0 0 0 0
4 9 38.734790 -107.051050 0.41 0.22 4 0 0 0 0 0 0 1 0 0 0 0 0 0 0 0 0 0 0
5 9 38.735947 -107.039286 0.39 0.23 5 0 0 0 0 0 0 0 0 0 0 0 1 0 0 0 0 0 0
6 9 38.737103 -107.027522 0.57 0.13 5 0 0 0 0 0 0 0 0 0 0 0 1 0 0 0 0 0 0
7 9 38.738258 -107.015758 0.40 0.20 5 0 0 0 1 0 0 0 0 0 0 0 0 0 0 0 0 0 0
8 9 38.739411 -107.003993 0.38 0.23 4 0 0 0 0 0 0 1 0 0 0 0 0 0 0 0 0 0 0
9 9 38.740563 -106.992228 0.31 0.22 5 0 0 0 0 0 0 1 0 0 0 0 0 0 0 0 0 0 0
10 9 38.741713 -106.980463 0.39 0.24 5 0 0 0 1 0 0 0 0 0 0 0 0 0 0 0 0 0 0
11 9 38.742862 -106.968697 0.37 0.28 5 0 0 0 1 0 0 0 0 0 0 0 0 0 0 0 0 0 0
12 9 38.744010 -106.956930 0.37 0.27 5 0 0 0 1 0 0 0 0 0 0 0 0 0 0 0 0 0 0
13 9 38.745157 -106.945163 0.39 0.24 5 0 0 0 0 0 0 1 0 0 0 0 0 0 0 0 0 0 0
14 9 38.746302 -106.933396 0.40 0.22 5 0 0 0 0 0 0 1 0 0 0 0 0 0 0 0 0 0 0
15 9 38.747446 -106.921628 0.40 0.22 5 0 0 0 0 0 0 1 0 0 0 0 0 0 0 0 0 0 0
16 9 38.748588 -106.909860 0.39 0.24 5 0 0 0 0 0 0 1 0 0 0 0 0 0 0 0 0 0 0
17 9 38.749729 -106.898091 0.37 0.27 5 0 0 0 0 0 0 1 0 0 0 0 0 0 0 0 0 0 0
18 9 38.750869 -106.886322 0.38 0.27 5 0 0 0 1 0 0 0 0 0 0 0 0 0 0 0 0 0 0
19 9 38.752007 -106.874553 0.39 0.24 4 0 0 0 0 0 0 1 0 0 0 0 0 0 0 0 0 0 0
20 9 38.753144 -106.862783 0.54 0.17 5 0 0 0 0 0 0 1 0 0 0 0 0 0 0 0 0 0 0
21 9 38.754280 -106.851012 0.50 0.19 4 0 0 0 0 0 0 0 0 0 0 0 1 0 0 0 0 0 0
22 9 38.755414 -106.839242 0.41 0.21 4 0 0 0 0 0 0 1 0 0 0 0 0 0 0 0 0 0 0
23 9 38.756547 -106.827471 0.41 0.21 3 0 0 0 1 0 0 0 0 0 0 0 0 0 0 0 0 0 0
24 9 38.757679 -106.815699 0.34 0.25 3 0 0 0 1 0 0 0 0 0 0 0 0 0 0 0 0 0 0
25 9 38.758809 -106.803927 0.69 0.08 3 1 0 0 0 0 0 0 0 0 0 0 0 0 0 0 0 0 0
26 9 38.759938 -106.792154 0.23 0.05 3 1 0 0 0 0 0 0 0 0 0 0 0 0 0 0 0 0 0
27 9 38.761066 -106.780381 0.22 0.05 3 1 0 0 0 0 0 0 0 0 0 0 0 0 0 0 0 0 0
28 9 38.762192 -106.768608 0.44 0.10 4 1 0 0 0 0 0 0 0 0 0 0 0 0 0 0 0 0 0
29 9 38.763317 -106.756834 0.57 0.12 5 1 0 0 0 0 0 0 0 0 0 0 0 0 0 0 0 0 0
30 9 38.764441 -106.745060 0.62 0.13 5 1 0 0 0 0 0 0 0 0 0 0 0 0 0 0 0 0 0
31 9 38.765563 -106.733286 0.20 0.05 5 1 0 0 0 0 0 0 0 0 0 0 0 0 0 0 0 0 0
32 9 38.766684 -106.721511 0.15 0.04 5 1 0 0 0 0 0 0 0 0 0 0 0 0 0 0 0 0 0
1 10 38.740486 -107.087827 0.43 0.22 4 1 0 0 0 0 0 0 0 0 0 0 0 0 0 0 0 0 0
2 10 38.741647 -107.076063 0.38 0.26 4 0 0 0 1 0 0 0 0 0 0 0 0 0 0 0 0 0 0
3 10 38.742807 -107.064299 0.42 0.20 5 0 0 0 1 0 0 0 0 0 0 0 0 0 0 0 0 0 0
4 10 38.743966 -107.052534 0.40 0.22 5 0 0 0 0 0 0 1 0 0 0 0 0 0 0 0 0 0 0
5 10 38.745123 -107.040769 0.42 0.17 5 0 0 0 1 0 0 0 0 0 0 0 0 0 0 0 0 0 0
6 10 38.746279 -107.029004 0.42 0.14 5 0 0 0 0 0 0 1 0 0 0 0 0 0 0 0 0 0 0
7 10 38.747434 -107.017238 0.39 0.23 4 0 0 0 1 0 0 0 0 0 0 0 0 0 0 0 0 0 0
8 10 38.748588 -107.005471 0.38 0.22 5 0 0 0 1 0 0 0 0 0 0 0 0 0 0 0 0 0 0
9 10 38.749740 -106.993704 0.27 0.22 4 0 0 0 1 0 0 0 0 0 0 0 0 0 0 0 0 0 0
10 10 38.750890 -106.981937 0.40 0.23 5 0 0 0 1 0 0 0 0 0 0 0 0 0 0 0 0 0 0
11 10 38.752040 -106.970169 0.37 0.28 5 0 0 0 1 0 0 0 0 0 0 0 0 0 0 0 0 0 0
12 10 38.753188 -106.958401 0.37 0.28 5 0 0 0 1 0 0 0 0 0 0 0 0 0 0 0 0 0 0
13 10 38.754334 -106.946632 0.38 0.26 3 0 0 0 1 0 0 0 0 0 0 0 0 0 0 0 0 0 0
14 10 38.755480 -106.934863 0.40 0.23 5 0 0 0 1 0 0 0 0 0 0 0 0 0 0 0 0 0 0
15 10 38.756624 -106.923094 0.40 0.22 5 0 0 0 0 0 0 1 0 0 0 0 0 0 0 0 0 0 0
16 10 38.757766 -106.911324 0.40 0.23 5 0 0 0 1 0 0 0 0 0 0 0 0 0 0 0 0 0 0
17 10 38.758908 -106.899554 0.37 0.27 5 0 0 0 1 0 0 0 0 0 0 0 0 0 0 0 0 0 0
18 10 38.760048 -106.887783 0.37 0.27 5 0 0 0 1 0 0 0 0 0 0 0 0 0 0 0 0 0 0
19 10 38.761186 -106.876012 0.40 0.23 4 0 0 0 1 0 0 0 0 0 0 0 0 0 0 0 0 0 0
20 10 38.762323 -106.864240 0.54 0.19 5 0 0 0 0 0 0 0 0 0 0 0 1 0 0 0 0 0 0
21 10 38.763459 -106.852468 0.48 0.16 5 0 0 0 0 0 0 1 0 0 0 0 0 0 0 0 0 0 0
22 10 38.764594 -106.840696 0.44 0.16 5 0 0 0 0 0 0 1 0 0 0 0 0 0 0 0 0 0 0
23 10 38.765727 -106.828923 0.51 0.14 5 0 0 0 1 0 0 0 0 0 0 0 0 0 0 0 0 0 0
24 10 38.766859 -106.817149 0.58 0.16 3 0 0 0 1 0 0 0 0 0 0 0 0 0 0 0 0 0 0
25 10 38.767989 -106.805376 0.67 0.13 3 1 0 0 0 0 0 0 0 0 0 0 0 0 0 0 0 0 0
26 10 38.769119 -106.793602 0.22 0.05 3 1 0 0 0 0 0 0 0 0 0 0 0 0 0 0 0 0 0
27 10 38.770246 -106.781827 0.22 0.05 3 1 0 0 0 0 0 0 0 0 0 0 0 0 0 0 0 0 0
28 10 38.771373 -106.770052 0.66 0.12 3 1 0 0 0 0 0 0 0 0 0 0 0 0 0 0 0 0 0
29 10 38.772498 -106.758276 0.66 0.12 5 1 0 0 0 0 0 0 0 0 0 0 0 0 0 0 0 0 0
30 10 38.773622 -106.746501 0.27 0.05 5 1 0 0 0 0 0 0 0 0 0 0 0 0 0 0 0 0 0
31 10 38.774744 -106.734724 0.69 0.08 5 1 0 0 0 0 0 0 0 0 0 0 0 0 0 0 0 0 0
32 10 38.775865 -106.722948 0.69 0.08 5 1 0 0 0 0 0 0 0 0 0 0 0 0 0 0 0 0 0
1 11 38.749661 -107.089317 0.38 0.26 4 1 0 0 0 0 0 0 0 0 0 0 0 0 0 0 0 0 0
2 11 38.750823 -107.077552 0.38 0.26 4 0 0 0 0 1 0 0 0 0 0 0 0 0 0 0 0 0 0
3 11 38.751983 -107.065786 0.43 0.19 5 0 0 0 1 0 0 0 0 0 0 0 0 0 0 0 0 0 0
4 11 38.753142 -107.054019 0.40 0.22 5 0 0 0 0 0 0 1 0 0 0 0 0 0 0 0 0 0 0
5 11 38.754300 -107.042253 0.31 0.16 5 0 0 0 0 0 0 1 0 0 0 0 0 0 0 0 0 0 0
6 11 38.755456 -107.030485 0.26 0.20 5 0 0 0 0 0 0 1 0 0 0 0 0 0 0 0 0 0 0
7 11 38.756611 -107.018718 0.45 0.20 5 0 0 0 1 0 0 0 0 0 0 0 0 0 0 0 0 0 0
8 11 38.757764 -107.006949 0.41 0.21 5 0 0 0 1 0 0 0 0 0 0 0 0 0 0 0 0 0 0
9 11 38.758917 -106.995181 0.40 0.22 5 0 0 0 1 0 0 0 0 0 0 0 0 0 0 0 0 0 0
10 11 38.760068 -106.983412 0.40 0.24 5 0 0 0 1 0 0 0 0 0 0 0 0 0 0 0 0 0 0
11 11 38.761217 -106.971642 0.38 0.27 5 0 0 0 1 0 0 0 0 0 0 0 0 0 0 0 0 0 0
12 11 38.762365 -106.959873 0.37 0.28 4 0 0 0 1 0 0 0 0 0 0 0 0 0 0 0 0 0 0
13 11 38.763512 -106.948102 0.39 0.24 4 1 0 0 0 0 0 0 0 0 0 0 0 0 0 0 0 0 0
14 11 38.764658 -106.936331 0.40 0.22 4 1 0 0 0 0 0 0 0 0 0 0 0 0 0 0 0 0 0
15 11 38.765802 -106.924560 0.40 0.22 4 1 0 0 0 0 0 0 0 0 0 0 0 0 0 0 0 0 0
16 11 38.766945 -106.912789 0.40 0.23 4 1 0 0 0 0 0 0 0 0 0 0 0 0 0 0 0 0 0
17 11 38.768086 -106.901017 0.37 0.28 5 0 0 0 1 0 0 0 0 0 0 0 0 0 0 0 0 0 0
18 11 38.769226 -106.889244 0.37 0.28 5 0 0 0 1 0 0 0 0 0 0 0 0 0 0 0 0 0 0
19 11 38.770365 -106.877471 0.41 0.22 4 0 0 0 1 0 0 0 0 0 0 0 0 0 0 0 0 0 0
20 11 38.771503 -106.865698 0.58 0.15 4 0 0 0 0 0 0 1 0 0 0 0 0 0 0 0 0 0 0
21 11 38.772639 -106.853924 0.46 0.12 5 0 0 0 0 0 0 1 0 0 0 0 0 0 0 0 0 0 0
22 11 38.773773 -106.842150 0.48 0.16 5 0 0 0 1 0 0 0 0 0 0 0 0 0 0 0 0 0 0
23 11 38.774907 -106.830375 0.47 0.15 3 0 0 0 1 0 0 0 0 0 0 0 0 0 0 0 0 0 0
24 11 38.776039 -106.818600 0.68 0.11 3 1 0 0 0 0 0 0 0 0 0 0 0 0 0 0 0 0 0
25 11 38.777169 -106.806825 0.20 0.05 5 1 0 0 0 0 0 0 0 0 0 0 0 0 0 0 0 0 0
26 11 38.778299 -106.795049 0.20 0.05 5 1 0 0 0 0 0 0 0 0 0 0 0 0 0 0 0 0 0
27 11 38.779427 -106.783273 0.22 0.05 3 1 0 0 0 0 0 0 0 0 0 0 0 0 0 0 0 0 0
28 11 38.780553 -106.771496 0.15 0.04 3 1 0 0 0 0 0 0 0 0 0 0 0 0 0 0 0 0 0
29 11 38.781679 -106.759719 0.66 0.12 4 1 0 0 0 0 0 0 0 0 0 0 0 0 0 0 0 0 0
30 11 38.782803 -106.747941 0.20 0.05 5 1 0 0 0 0 0 0 0 0 0 0 0 0 0 0 0 0 0
31 11 38.783925 -106.736163 0.18 0.30 5 1 0 0 0 0 0 0 0 0 0 0 0 0 0 0 0 0 0
32 11 38.785047 -106.724385 0.44 0.21 5 1 0 0 0 0 0 0 0 0 0 0 0 0 0 0 0 0 0
1 12 38.758837 -107.090808 0.38 0.27 4 1 0 0 0 0 0 0 0 0 0 0 0 0 0 0 0 0 0
2 12 38.759999 -107.079041 0.38 0.26 5 0 0 0 1 0 0 0 0 0 0 0 0 0 0 0 0 0 0
3 12 38.761159 -107.067273 0.43 0.19 5 0 0 0 1 0 0 0 0 0 0 0 0 0 0 0 0 0 0
4 12 38.762318 -107.055505 0.40 0.23 5 0 0 0 0 0 0 1 0 0 0 0 0 0 0 0 0 0 0
5 12 38.763476 -107.043736 0.30 0.19 4 0 0 0 0 0 0 1 0 0 0 0 0 0 0 0 0 0 0
6 12 38.764633 -107.031967 0.17 0.21 5 0 0 0 0 0 0 1 0 0 0 0 0 0 0 0 0 0 0
7 12 38.765788 -107.020198 0.43 0.18 5 0 0 0 0 0 0 1 0 0 0 0 0 0 0 0 0 0 0
8 12 38.766942 -107.008428 0.29 0.20 5 0 0 0 1 0 0 0 0 0 0 0 0 0 0 0 0 0 0
9 12 38.768094 -106.996658 0.34 0.20 5 0 0 0 1 0 0 0 0 0 0 0 0 0 0 0 0 0 0
10 12 38.769245 -106.984887 0.39 0.24 5 0 0 0 1 0 0 0 0 0 0 0 0 0 0 0 0 0 0
11 12 38.770395 -106.973116 0.39 0.23 5 0 0 0 1 0 0 0 0 0 0 0 0 0 0 0 0 0 0
12 12 38.771543 -106.961344 0.39 0.24 5 0 0 0 0 0 0 1 0 0 0 0 0 0 0 0 0 0 0
13 12 38.772690 -106.949572 0.38 0.25 5 1 0 0 0 0 0 0 0 0 0 0 0 0 0 0 0 0 0
14 12 38.773836 -106.937800 0.38 0.25 4 1 0 0 0 0 0 0 0 0 0 0 0 0 0 0 0 0 0
15 12 38.774980 -106.926027 0.38 0.26 4 1 0 0 0 0 0 0 0 0 0 0 0 0 0 0 0 0 0
16 12 38.776123 -106.914254 0.38 0.25 5 1 0 0 0 0 0 0 0 0 0 0 0 0 0 0 0 0 0
17 12 38.777265 -106.902480 0.41 0.21 5 0 0 0 1 0 0 0 0 0 0 0 0 0 0 0 0 0 0
18 12 38.778405 -106.890706 0.42 0.21 5 0 0 0 1 0 0 0 0 0 0 0 0 0 0 0 0 0 0
19 12 38.779544 -106.878931 0.41 0.22 4 0 0 0 1 0 0 0 0 0 0 0 0 0 0 0 0 0 0
20 12 38.780682 -106.867156 0.63 0.13 4 1 0 0 0 0 0 0 0 0 0 0 0 0 0 0 0 0 0
21 12 38.781818 -106.855381 0.43 0.10 4 1 0 0 0 0 0 0 0 0 0 0 0 0 0 0 0 0 0
22 12 38.782953 -106.843605 0.67 0.10 4 1 0 0 0 0 0 0 0 0 0 0 0 0 0 0 0 0 0
23 12 38.784087 -106.831829 0.67 0.11 3 1 0 0 0 0 0 0 0 0 0 0 0 0 0 0 0 0 0
24 12 38.785219 -106.820052 0.22 0.28 3 1 0 0 0 0 0 0 0 0 0 0 0 0 0 0 0 0 0
25 12 38.786350 -106.808275 0.66 0.12 3 1 0 0 0 0 0 0 0 0 0 0 0 0 0 0 0 0 0
26 12 38.787479 -106.796497 0.69 0.08 5 1 0 0 0 0 0 0 0 0 0 0 0 0 0 0 0 0 0
27 12 38.788607 -106.784719 0.17 0.30 5 0 0 0 0 0 0 1 0 0 0 0 0 0 0 0 0 0 0
28 12 38.789734 -106.772941 0.21 0.05 3 1 0 0 0 0 0 0 0 0 0 0 0 0 0 0 0 0 0
29 12 38.790860 -106.761162 0.66 0.12 4 1 0 0 0 0 0 0 0 0 0 0 0 0 0 0 0 0 0
30 12 38.791984 -106.749383 0.18 0.05 5 1 0 0 0 0 0 0 0 0 0 0 0 0 0 0 0 0 0
31 12 38.793107 -106.737603 0.17 0.30 5 1 0 0 0 0 0 0 0 0 0 0 0 0 0 0 0 0 0
32 12 38.794228 -106.725823 0.17 0.30 5 1 0 0 0 0 0 0 0 0 0 0 0 0 0 0 0 0 0
1 13 38.768013 -107.092299 0.40 0.25 4 0 0 0 1 0 0 0 0 0 0 0 0 0 0 0 0 0 0
2 13 38.769175 -107.080530 0.46 0.17 5 0 0 0 1 0 0 0 0 0 0 0 0 0 0 0 0 0 0
3 13 38.770335 -107.068761 0.43 0.18 4 0 0 0 1 0 0 0 0 0 0 0 0 0 0 0 0 0 0
4 13 38.771495 -107.056991 0.51 0.16 4 0 0 0 0 0 0 1 0 0 0 0 0 0 0 0 0 0 0
5 13 38.772653 -107.045221 0.39 0.24 4 0 0 0 0 0 0 1 0 0 0 0 0 0 0 0 0 0 0
6 13 38.773809 -107.033450 0.38 0.23 3 0 0 0 1 0 0 0 0 0 0 0 0 0 0 0 0 0 0
7 13 38.774965 -107.021679 0.40 0.22 4 0 0 0 0 0 0 0 0 0 1 0 0 0 0 0 0 0 0
8 13 38.776119 -107.009907 0.39 0.18 5 0 0 0 1 0 0 0 0 0 0 0 0 0 0 0 0 0 0
9 13 38.777271 -106.998135 0.41 0.20 5 0 0 0 1 0 0 0 0 0 0 0 0 0 0 0 0 0 0
10 13 38.778423 -106.986363 0.39 0.25 5 0 0 0 1 0 0 0 0 0 0 0 0 0 0 0 0 0 0
11 13 38.779573 -106.974590 0.39 0.24 5 0 0 0 1 0 0 0 0 0 0 0 0 0 0 0 0 0 0
12 13 38.780721 -106.962817 0.39 0.24 4 1 0 0 0 0 0 0 0 0 0 0 0 0 0 0 0 0 0
13 13 38.781868 -106.951043 0.38 0.25 5 1 0 0 0 0 0 0 0 0 0 0 0 0 0 0 0 0 0
14 13 38.783014 -106.939269 0.39 0.25 4 1 0 0 0 0 0 0 0 0 0 0 0 0 0 0 0 0 0
15 13 38.784159 -106.927494 0.39 0.24 5 1 0 0 0 0 0 0 0 0 0 0 0 0 0 0 0 0 0
16 13 38.785302 -106.915719 0.39 0.24 5 1 0 0 0 0 0 0 0 0 0 0 0 0 0 0 0 0 0
17 13 38.786444 -106.903944 0.41 0.22 5 0 0 0 1 0 0 0 0 0 0 0 0 0 0 0 0 0 0
18 13 38.787584 -106.892168 0.40 0.22 4 0 0 0 0 0 0 1 0 0 0 0 0 0 0 0 0 0 0
19 13 38.788723 -106.880392 0.40 0.23 4 0 0 0 0 0 0 1 0 0 0 0 0 0 0 0 0 0 0
20 13 38.789861 -106.868615 0.41 0.23 5 0 0 0 0 0 0 1 0 0 0 0 0 0 0 0 0 0 0
21 13 38.790998 -106.856838 0.69 0.08 5 1 0 0 0 0 0 0 0 0 0 0 0 0 0 0 0 0 0
22 13 38.792133 -106.845060 0.67 0.10 4 1 0 0 0 0 0 0 0 0 0 0 0 0 0 0 0 0 0
23 13 38.793267 -106.833282 0.67 0.10 3 1 0 0 0 0 0 0 0 0 0 0 0 0 0 0 0 0 0
24 13 38.794399 -106.821504 0.62 0.10 3 0 0 0 0 0 0 1 0 0 0 0 0 0 0 0 0 0 0
25 13 38.795530 -106.809725 0.68 0.09 3 0 0 0 0 0 0 1 0 0 0 0 0 0 0 0 0 0 0
26 13 38.796660 -106.797946 0.69 0.08 5 1 0 0 0 0 0 0 0 0 0 0 0 0 0 0 0 0 0
27 13 38.797788 -106.786166 0.17 0.30 5 1 0 0 0 0 0 0 0 0 0 0 0 0 0 0 0 0 0
28 13 38.798915 -106.774386 0.17 0.30 5 1 0 0 0 0 0 0 0 0 0 0 0 0 0 0 0 0 0
29 13 38.800041 -106.762605 0.17 0.30 5 1 0 0 0 0 0 0 0 0 0 0 0 0 0 0 0 0 0
30 13 38.801165 -106.750824 0.43 0.10 5 1 0 0 0 0 0 0 0 0 0 0 0 0 0 0 0 0 0
31 13 38.802288 -106.739043 0.17 0.30 5 1 0 0 0 0 0 0 0 0 0 0 0 0 0 0 0 0 0
32 13 38.803410 -106.727261 0.20 0.28 5 1 0 0 0 0 0 0 0 0 0 0 0 0 0 0 0 0 0
1 14 38.777189 -107.093790 0.41 0.24 5 0 0 0 1 0 0 0 0 0 0 0 0 0 0 0 0 0 0
2 14 38.778351 -107.082020 0.43 0.20 5 0 0 0 1 0 0 0 0 0 0 0 0 0 0 0 0 0 0
3 14 38.779512 -107.070249 0.48 0.18 3 0 0 0 0 0 0 0 0 0 1 0 0 0 0 0 0 0 0
4 14 38.780671 -107.058477 0.45 0.19 3 0 0 0 1 0 0 0 0 0 0 0 0 0 0 0 0 0 0
5 14 38.781829 -107.046705 0.40 0.13 3 0 0 0 1 0 0 0 0 0 0 0 0 0 0 0 0 0 0
6 14 38.782986 -107.034933 0.40 0.07 3 0 0 0 0 0 0 1 0 0 0 0 0 0 0 0 0 0 0
7 14 38.784142 -107.023160 0.48 0.15 5 0 0 0 1 0 0 0 0 0 0 0 0 0 0 0 0 0 0
8 14 38.785296 -107.011387 0.37 0.20 5 0 0 0 1 0 0 0 0 0 0 0 0 0 0 0 0 0 0
9 14 38.786449 -106.999613 0.30 0.21 5 0 0 0 1 0 0 0 0 0 0 0 0 0 0 0 0 0 0
10 14 38.787600 -106.987839 0.37 0.29 4 0 0 0 1 0 0 0 0 0 0 0 0 0 0 0 0 0 0
11 14 38.788750 -106.976064 0.37 0.28 4 1 0 0 0 0 0 0 0 0 0 0 0 0 0 0 0 0 0
12 14 38.789899 -106.964289 0.38 0.26 5 1 0 0 0 0 0 0 0 0 0 0 0 0 0 0 0 0 0
13 14 38.791047 -106.952514 0.39 0.24 5 1 0 0 0 0 0 0 0 0 0 0 0 0 0 0 0 0 0
14 14 38.792193 -106.940738 0.38 0.25 5 1 0 0 0 0 0 0 0 0 0 0 0 0 0 0 0 0 0
15 14 38.793337 -106.928962 0.39 0.24 5 0 0 0 1 0 0 0 0 0 0 0 0 0 0 0 0 0 0
16 14 38.794481 -106.917185 0.40 0.23 5 0 0 0 1 0 0 0 0 0 0 0 0 0 0 0 0 0 0
17 14 38.795623 -106.905408 0.42 0.21 5 0 0 0 1 0 0 0 0 0 0 0 0 0 0 0 0 0 0
18 14 38.796764 -106.893630 0.40 0.22 5 0 0 0 1 0 0 0 0 0 0 0 0 0 0 0 0 0 0
19 14 38.797903 -106.881852 0.40 0.23 4 0 0 0 0 0 0 1 0 0 0 0 0 0 0 0 0 0 0
20 14 38.799041 -106.870074 0.46 0.21 5 0 0 0 0 0 0 0 0 0 1 0 0 0 0 0 0 0 0
21 14 38.800178 -106.858295 0.67 0.13 5 0 0 0 1 0 0 0 0 0 0 0 0 0 0 0 0 0 0
22 14 38.801313 -106.846516 0.67 0.13 5 1 0 0 0 0 0 0 0 0 0 0 0 0 0 0 0 0 0
23 14 38.802447 -106.834736 0.67 0.10 3 1 0 0 0 0 0 0 0 0 0 0 0 0 0 0 0 0 0
24 14 38.803579 -106.822956 0.66 0.10 3 1 0 0 0 0 0 0 0 0 0 0 0 0 0 0 0 0 0
25 14 38.804711 -106.811175 0.48 0.15 3 0 0 0 0 0 0 0 0 0 1 0 0 0 0 0 0 0 0
26 14 38.805841 -106.799394 0.68 0.08 5 0 0 0 0 0 0 1 0 0 0 0 0 0 0 0 0 0 0
27 14 38.806969 -106.787613 0.17 0.30 5 1 0 0 0 0 0 0 0 0 0 0 0 0 0 0 0 0 0
28 14 38.808096 -106.775831 0.17 0.30 5 1 0 0 0 0 0 0 0 0 0 0 0 0 0 0 0 0 0
29 14 38.809222 -106.764049 0.19 0.05 5 1 0 0 0 0 0 0 0 0 0 0 0 0 0 0 0 0 0
30 14 38.810347 -106.752266 0.19 0.05 5 1 0 0 0 0 0 0 0 0 0 0 0 0 0 0 0 0 0
31 14 38.811470 -106.740483 0.20 0.05 5 1 0 0 0 0 0 0 0 0 0 0 0 0 0 0 0 0 0
32 14 38.812592 -106.728699 0.17 0.30 5 1 0 0 0 0 0 0 0 0 0 0 0 0 0 0 0 0 0
1 15 38.786365 -107.095282 0.39 0.26 5 0 0 0 1 0 0 0 0 0 0 0 0 0 0 0 0 0 0
2 15 38.787527 -107.083510 0.39 0.24 4 0 0 0 0 0 0 0 0 0 1 0 0 0 0 0 0 0 0
3 15 38.788688 -107.071737 0.46 0.19 5 0 0 0 1 0 0 0 0 0 0 0 0 0 0 0 0 0 0
4 15 38.789848 -107.059964 0.41 0.06 4 1 0 0 0 0 0 0 0 0 0 0 0 0 0 0 0 0 0
5 15 38.791006 -107.048190 0.42 0.09 3 0 0 0 0 0 0 1 0 0 0 0 0 0 0 0 0 0 0
6 15 38.792163 -107.036416 0.42 0.10 3 0 0 0 0 0 0 1 0 0 0 0 0 0 0 0 0 0 0
7 15 38.793319 -107.024642 0.43 0.12 5 0 0 0 0 0 0 1 0 0 0 0 0 0 0 0 0 0 0
8 15 38.794473 -107.012867 0.37 0.28 5 0 0 0 1 0 0 0 0 0 0 0 0 0 0 0 0 0 0
9 15 38.795626 -107.001091 0.37 0.29 5 0 0 0 1 0 0 0 0 0 0 0 0 0 0 0 0 0 0
10 15 38.796778 -106.989316 0.38 0.27 4 1 0 0 0 0 0 0 0 0 0 0 0 0 0 0 0 0 0
11 15 38.797928 -106.977539 0.38 0.26 5 0 0 0 1 0 0 0 0 0 0 0 0 0 0 0 0 0 0
12 15 38.799077 -106.965763 0.39 0.25 5 0 0 0 1 0 0 0 0 0 0 0 0 0 0 0 0 0 0
13 15 38.800225 -106.953986 0.40 0.22 5 0 0 0 0 0 0 1 0 0 0 0 0 0 0 0 0 0 0
14 15 38.801371 -106.942208 0.40 0.22 5 0 0 0 0 0 0 1 0 0 0 0 0 0 0 0 0 0 0
15 15 38.802516 -106.930430 0.39 0.25 5 0 0 0 1 0 0 0 0 0 0 0 0 0 0 0 0 0 0
16 15 38.803660 -106.918652 0.40 0.24 4 0 0 0 1 0 0 0 0 0 0 0 0 0 0 0 0 0 0
17 15 38.804802 -106.906873 0.40 0.23 4 0 0 0 1 0 0 0 0 0 0 0 0 0 0 0 0 0 0
18 15 38.805943 -106.895093 0.41 0.23 4 0 0 0 0 0 0 1 0 0 0 0 0 0 0 0 0 0 0
19 15 38.807082 -106.883314 0.62 0.16 5 0 0 0 0 0 0 1 0 0 0 0 0 0 0 0 0 0 0
20 15 38.808221 -106.871534 0.56 0.16 5 0 0 0 0 0 0 1 0 0 0 0 0 0 0 0 0 0 0
21 15 38.809357 -106.859753 0.16 0.22 5 1 0 0 0 0 0 0 0 0 0 0 0 0 0 0 0 0 0
22 15 38.810493 -106.847972 0.14 0.26 5 1 0 0 0 0 0 0 0 0 0 0 0 0 0 0 0 0 0
23 15 38.811627 -106.836191 0.17 0.30 3 1 0 0 0 0 0 0 0 0 0 0 0 0 0 0 0 0 0
24 15 38.812760 -106.824409 0.45 0.10 3 1 0 0 0 0 0 0 0 0 0 0 0 0 0 0 0 0 0
25 15 38.813891 -106.812626 0.22 0.05 3 0 0 0 0 0 0 1 0 0 0 0 0 0 0 0 0 0 0
26 15 38.815021 -106.800844 0.39 0.24 5 1 0 0 0 0 0 0 0 0 0 0 0 0 0 0 0 0 0
27 15 38.816150 -106.789061 0.36 0.24 5 0 0 0 0 0 0 1 0 0 0 0 0 0 0 0 0 0 0
28 15 38.817278 -106.777277 0.37 0.24 5 0 0 0 0 0 0 1 0 0 0 0 0 0 0 0 0 0 0
29 15 38.818404 -106.765493 0.24 0.28 5 1 0 0 0 0 0 0 0 0 0 0 0 0 0 0 0 0 0
30 15 38.819528 -106.753709 0.17 0.30 5 1 0 0 0 0 0 0 0 0 0 0 0 0 0 0 0 0 0
31 15 38.820652 -106.741924 0.20 0.05 5 0 0 0 0 0 0 1 0 0 0 0 0 0 0 0 0 0 0
32 15 38.821774 -106.730139 0.17 0.30 5 0 0 0 0 0 0 1 0 0 0 0 0 0 0 0 0 0 0
1 16 38.795541 -107.096775 0.39 0.23 5 0 0 0 1 0 0 0 0 0 0 0 0 0 0 0 0 0 0
2 16 38.796704 -107.085001 0.38 0.26 5 0 0 0 1 0 0 0 0 0 0 0 0 0 0 0 0 0 0
3 16 38.797865 -107.073226 0.39 0.22 5 0 0 0 1 0 0 0 0 0 0 0 0 0 0 0 0 0 0
4 16 38.799025 -107.061451 0.43 0.13 5 1 0 0 0 0 0 0 0 0 0 0 0 0 0 0 0 0 0
5 16 38.800183 -107.049676 0.43 0.13 4 1 0 0 0 0 0 0 0 0 0 0 0 0 0 0 0 0 0
6 16 38.801341 -107.037900 0.43 0.06 4 0 0 0 0 0 0 1 0 0 0 0 0 0 0 0 0 0 0
7 16 38.802497 -107.026124 0.43 0.13 5 1 0 0 0 0 0 0 0 0 0 0 0 0 0 0 0 0 0
8 16 38.803651 -107.014347 0.42 0.18 5 0 0 0 1 0 0 0 0 0 0 0 0 0 0 0 0 0 0
9 16 38.804804 -107.002570 0.39 0.24 5 0 0 0 1 0 0 0 0 0 0 0 0 0 0 0 0 0 0
10 16 38.805956 -106.990793 0.38 0.26 5 0 0 0 1 0 0 0 0 0 0 0 0 0 0 0 0 0 0
11 16 38.807107 -106.979015 0.39 0.22 5 0 0 0 1 0 0 0 0 0 0 0 0 0 0 0 0 0 0
12 16 38.808256 -106.967236 0.43 0.13 5 0 0 0 0 0 0 1 0 0 0 0 0 0 0 0 0 0 0
13 16 38.809404 -106.955457 0.43 0.13 5 0 0 0 0 0 0 1 0 0 0 0 0 0 0 0 0 0 0
14 16 38.810550 -106.943678 0.43 0.13 5 1 0 0 0 0 0 0 0 0 0 0 0 0 0 0 0 0 0
15 16 38.811695 -106.931898 0.39 0.21 5 0 0 0 1 0 0 0 0 0 0 0 0 0 0 0 0 0 0
16 16 38.812839 -106.920118 0.37 0.27 4 0 0 0 1 0 0 0 0 0 0 0 0 0 0 0 0 0 0
17 16 38.813981 -106.908338 0.32 0.27 5 0 0 0 0 0 0 1 0 0 0 0 0 0 0 0 0 0 0
18 16 38.815122 -106.896557 0.60 0.16 4 0 0 0 0 0 0 0 0 0 0 0 1 0 0 0 0 0 0
19 16 38.816262 -106.884775 0.59 0.17 4 0 0 0 0 0 0 0 0 0 0 0 0 1 0 0 0 0 0
20 16 38.817401 -106.872994 0.53 0.18 4 0 0 0 0 0 0 1 0 0 0 0 0 0 0 0 0 0 0
21 16 38.818538 -106.861211 0.19 0.20 5 1 0 0 0 0 0 0 0 0 0 0 0 0 0 0 0 0 0
22 16 38.819673 -106.849429 0.20 0.08 5 1 0 0 0 0 0 0 0 0 0 0 0 0 0 0 0 0 0
23 16 38.820808 -106.837645 0.21 0.08 3 1 0 0 0 0 0 0 0 0 0 0 0 0 0 0 0 0 0
24 16 38.821941 -106.825862 0.21 0.08 3 1 0 0 0 0 0 0 0 0 0 0 0 0 0 0 0 0 0
25 16 38.823072 -106.814078 0.22 0.05 3 1 0 0 0 0 0 0 0 0 0 0 0 0 0 0 0 0 0
26 16 38.824202 -106.802293 0.39 0.24 5 1 0 0 0 0 0 0 0 0 0 0 0 0 0 0 0 0 0
27 16 38.825331 -106.790509 0.23 0.29 5 0 0 0 0 0 0 1 0 0 0 0 0 0 0 0 0 0 0
28 16 38.826459 -106.778723 0.19 0.30 5 1 0 0 0 0 0 0 0 0 0 0 0 0 0 0 0 0 0
29 16 38.827585 -106.766938 0.19 0.30 5 1 0 0 0 0 0 0 0 0 0 0 0 0 0 0 0 0 0
30 16 38.828710 -106.755152 0.20 0.29 5 0 0 0 0 0 0 1 0 0 0 0 0 0 0 0 0 0 0
31 16 38.829834 -106.743365 0.18 0.30 5 1 0 0 0 0 0 0 0 0 0 0 0 0 0 0 0 0 0
32 16 38.830956 -106.731578 0.24 0.28 5 0 0 0 0 0 0 1 0 0 0 0 0 0 0 0 0 0 0
1 17 38.804717 -107.098267 0.41 0.20 5 0 0 0 1 0 0 0 0 0 0 0 0 0 0 0 0 0 0
2 17 38.805880 -107.086492 0.41 0.22 5 0 0 0 1 0 0 0 0 0 0 0 0 0 0 0 0 0 0
3 17 38.807042 -107.074716 0.40 0.20 4 1 0 0 0 0 0 0 0 0 0 0 0 0 0 0 0 0 0
4 17 38.808202 -107.062939 0.43 0.14 5 1 0 0 0 0 0 0 0 0 0 0 0 0 0 0 0 0 0
5 17 38.809361 -107.051162 0.43 0.16 5 1 0 0 0 0 0 0 0 0 0 0 0 0 0 0 0 0 0
6 17 38.810518 -107.039384 0.43 0.12 4 1 0 0 0 0 0 0 0 0 0 0 0 0 0 0 0 0 0
7 17 38.811674 -107.027606 0.43 0.13 5 1 0 0 0 0 0 0 0 0 0 0 0 0 0 0 0 0 0
8 17 38.812829 -107.015828 0.43 0.18 5 1 0 0 0 0 0 0 0 0 0 0 0 0 0 0 0 0 0
9 17 38.813982 -107.004049 0.37 0.28 4 1 0 0 0 0 0 0 0 0 0 0 0 0 0 0 0 0 0
10 17 38.815134 -106.992270 0.41 0.18 4 0 0 0 1 0 0 0 0 0 0 0 0 0 0 0 0 0 0
11 17 38.816285 -106.980490 0.43 0.13 5 0 0 0 0 0 0 1 0 0 0 0 0 0 0 0 0 0 0
12 17 38.817434 -106.968710 0.43 0.13 5 0 0 0 0 0 0 1 0 0 0 0 0 0 0 0 0 0 0
13 17 38.818582 -106.956930 0.43 0.13 5 0 0 0 0 0 0 1 0 0 0 0 0 0 0 0 0 0 0
14 17 38.819729 -106.945149 0.42 0.15 5 1 0 0 0 0 0 0 0 0 0 0 0 0 0 0 0 0 0
15 17 38.820874 -106.933367 0.40 0.23 5 0 0 0 1 0 0 0 0 0 0 0 0 0 0 0 0 0 0
16 17 38.822018 -106.921586 0.40 0.24 4 0 0 0 1 0 0 0 0 0 0 0 0 0 0 0 0 0 0
17 17 38.823161 -106.909803 0.61 0.16 5 0 0 0 0 0 0 0 0 0 0 0 1 0 0 0 0 0 0
18 17 38.824302 -106.898021 0.57 0.18 5 0 0 0 0 0 0 1 0 0 0 0 0 0 0 0 0 0 0
19 17 38.825442 -106.886238 0.36 0.26 4 0 0 0 0 0 0 1 0 0 0 0 0 0 0 0 0 0 0
20 17 38.826581 -106.874454 0.47 0.19 5 0 0 0 1 0 0 0 0 0 0 0 0 0 0 0 0 0 0
21 17 38.827718 -106.862670 0.45 0.20 5 0 0 0 0 0 0 1 0 0 0 0 0 0 0 0 0 0 0
22 17 38.828854 -106.850886 0.60 0.20 5 0 0 0 0 0 0 1 0 0 0 0 0 0 0 0 0 0 0
23 17 38.829988 -106.839101 0.59 0.21 3 0 0 0 0 0 0 1 0 0 0 0 0 0 0 0 0 0 0
24 17 38.831121 -106.827315 0.21 0.08 3 1 0 0 0 0 0 0 0 0 0 0 0 0 0 0 0 0 0
25 17 38.832253 -106.815530 0.39 0.24 3 1 0 0 0 0 0 0 0 0 0 0 0 0 0 0 0 0 0
26 17 38.833384 -106.803744 0.39 0.24 5 0 0 0 1 0 0 0 0 0 0 0 0 0 0 0 0 0 0
27 17 38.834513 -106.791957 0.32 0.26 5 0 0 0 0 0 0 1 0 0 0 0 0 0 0 0 0 0 0
28 17 38.835640 -106.780170 0.17 0.30 5 1 0 0 0 0 0 0 0 0 0 0 0 0 0 0 0 0 0
29 17 38.836767 -106.768383 0.24 0.28 5 0 0 0 0 0 0 1 0 0 0 0 0 0 0 0 0 0 0
30 17 38.837892 -106.756595 0.38 0.24 5 0 0 0 0 0 0 1 0 0 0 0 0 0 0 0 0 0 0
31 17 38.839016 -106.744807 0.39 0.24 5 1 0 0 0 0 0 0 0 0 0 0 0 0 0 0 0 0 0
32 17 38.840138 -106.733018 0.39 0.24 5 1 0 0 0 0 0 0 0 0 0 0 0 0 0 0 0 0 0
1 18 38.813894 -107.099761 0.43 0.13 5 0 0 0 0 0 0 1 0 0 0 0 0 0 0 0 0 0 0
2 18 38.815057 -107.087983 0.43 0.16 5 0 0 0 1 0 0 0 0 0 0 0 0 0 0 0 0 0 0
3 18 38.816219 -107.076205 0.42 0.19 5 0 0 0 1 0 0 0 0 0 0 0 0 0 0 0 0 0 0
4 18 38.817379 -107.064427 0.43 0.17 4 1 0 0 0 0 0 0 0 0 0 0 0 0 0 0 0 0 0
5 18 38.818538 -107.052648 0.43 0.17 5 1 0 0 0 0 0 0 0 0 0 0 0 0 0 0 0 0 0
6 18 38.819696 -107.040869 0.43 0.13 5 0 0 0 0 0 0 1 0 0 0 0 0 0 0 0 0 0 0
7 18 38.820852 -107.029089 0.41 0.17 4 0 0 0 0 0 0 1 0 0 0 0 0 0 0 0 0 0 0
8 18 38.822007 -107.017309 0.38 0.26 4 1 0 0 0 0 0 0 0 0 0 0 0 0 0 0 0 0 0
9 18 38.823160 -107.005529 0.38 0.27 4 1 0 0 0 0 0 0 0 0 0 0 0 0 0 0 0 0 0
10 18 38.824313 -106.993748 0.43 0.13 4 1 0 0 0 0 0 0 0 0 0 0 0 0 0 0 0 0 0
11 18 38.825463 -106.981967 0.43 0.13 4 0 0 0 0 0 0 0 0 0 0 0 0 0 0 0 1 0 0
12 18 38.826613 -106.970185 0.43 0.13 4 0 0 0 0 0 0 1 0 0 0 0 0 0 0 0 0 0 0
13 18 38.827761 -106.958403 0.43 0.13 5 1 0 0 0 0 0 0 0 0 0 0 0 0 0 0 0 0 0
14 18 38.828908 -106.946620 0.41 0.18 5 1 0 0 0 0 0 0 0 0 0 0 0 0 0 0 0 0 0
15 18 38.830054 -106.934837 0.40 0.21 5 0 0 0 1 0 0 0 0 0 0 0 0 0 0 0 0 0 0
16 18 38.831198 -106.923053 0.49 0.20 5 0 0 0 0 0 0 0 0 0 0 0 1 0 0 0 0 0 0
17 18 38.832340 -106.911269 0.65 0.14 5 0 0 0 0 0 0 1 0 0 0 0 0 0 0 0 0 0 0
18 18 38.833482 -106.899485 0.33 0.27 4 0 0 0 0 0 0 1 0 0 0 0 0 0 0 0 0 0 0
19 18 38.834622 -106.887700 0.60 0.17 4 0 0 0 1 0 0 0 0 0 0 0 0 0 0 0 0 0 0
20 18 38.835761 -106.875915 0.58 0.17 5 0 0 0 1 0 0 0 0 0 0 0 0 0 0 0 0 0 0
21 18 38.836898 -106.864129 0.39 0.24 5 0 0 0 1 0 0 0 0 0 0 0 0 0 0 0 0 0 0
22 18 38.838034 -106.852343 0.39 0.24 5 0 0 0 1 0 0 0 0 0 0 0 0 0 0 0 0 0 0
23 18 38.839169 -106.840556 0.40 0.22 5 0 0 0 1 0 0 0 0 0 0 0 0 0 0 0 0 0 0
24 18 38.840302 -106.828769 0.39 0.23 5 0 0 0 1 0 0 0 0 0 0 0 0 0 0 0 0 0 0
25 18 38.841434 -106.816982 0.52 0.17 5 0 0 0 1 0 0 0 0 0 0 0 0 0 0 0 0 0 0
26 18 38.842565 -106.805194 0.17 0.30 5 1 0 0 0 0 0 0 0 0 0 0 0 0 0 0 0 0 0
27 18 38.843694 -106.793406 0.20 0.05 5 1 0 0 0 0 0 0 0 0 0 0 0 0 0 0 0 0 0
28 18 38.844822 -106.781617 0.39 0.24 5 1 0 0 0 0 0 0 0 0 0 0 0 0 0 0 0 0 0
29 18 38.845949 -106.769828 0.40 0.23 5 1 0 0 0 0 0 0 0 0 0 0 0 0 0 0 0 0 0
30 18 38.847074 -106.758039 0.66 0.12 5 1 0 0 0 0 0 0 0 0 0 0 0 0 0 0 0 0 0
31 18 38.848198 -106.746249 0.19 0.05 5 1 0 0 0 0 0 0 0 0 0 0 0 0 0 0 0 0 0
32 18 38.849320 -106.734458 0.59 0.14 5 1 0 0 0 0 0 0 0 0 0 0 0 0 0 0 0 0 0
1 19 38.823071 -107.101254 0.43 0.13 5 0 0 0 0 0 0 1 0 0 0 0 0 0 0 0 0 0 0
2 19 38.824234 -107.089475 0.43 0.13 5 0 0 0 0 0 0 1 0 0 0 0 0 0 0 0 0 0 0
3 19 38.825396 -107.077696 0.47 0.13 5 0 0 0 1 0 0 0 0 0 0 0 0 0 0 0 0 0 0
4 19 38.826556 -107.065916 0.43 0.15 5 1 0 0 0 0 0 0 0 0 0 0 0 0 0 0 0 0 0
5 19 38.827715 -107.054135 0.43 0.18 5 1 0 0 0 0 0 0 0 0 0 0 0 0 0 0 0 0 0
6 19 38.828873 -107.042354 0.43 0.17 5 1 0 0 0 0 0 0 0 0 0 0 0 0 0 0 0 0 0
7 19 38.830030 -107.030573 0.43 0.14 4 0 0 0 0 0 0 1 0 0 0 0 0 0 0 0 0 0 0
8 19 38.831185 -107.018791 0.42 0.15 4 1 0 0 0 0 0 0 0 0 0 0 0 0 0 0 0 0 0
9 19 38.832339 -107.007009 0.38 0.27 4 1 0 0 0 0 0 0 0 0 0 0 0 0 0 0 0 0 0
10 19 38.833491 -106.995226 0.40 0.21 5 1 0 0 0 0 0 0 0 0 0 0 0 0 0 0 0 0 0
11 19 38.834642 -106.983443 0.43 0.14 4 1 0 0 0 0 0 0 0 0 0 0 0 0 0 0 0 0 0
12 19 38.835792 -106.971660 0.42 0.14 4 1 0 0 0 0 0 0 0 0 0 0 0 0 0 0 0 0 0
13 19 38.836940 -106.959876 0.40 0.21 5 0 0 0 1 0 0 0 0 0 0 0 0 0 0 0 0 0 0
14 19 38.838087 -106.948091 0.40 0.22 5 1 0 0 0 0 0 0 0 0 0 0 0 0 0 0 0 0 0
15 19 38.839233 -106.936307 0.55 0.16 4 0 0 0 0 0 0 0 0 0 1 0 0 0 0 0 0 0 0
16 19 38.840377 -106.924521 0.54 0.15 5 0 0 0 0 0 0 0 0 0 0 0 1 0 0 0 0 0 0
17 19 38.841520 -106.912736 0.51 0.16 5 0 0 0 0 0 0 1 0 0 0 0 0 0 0 0 0 0 0
18 19 38.842662 -106.900950 0.46 0.21 4 0 0 0 1 0 0 0 0 0 0 0 0 0 0 0 0 0 0
19 19 38.843802 -106.889163 0.51 0.20 4 0 0 0 1 0 0 0 0 0 0 0 0 0 0 0 0 0 0
20 19 38.844941 -106.877376 0.65 0.12 5 0 0 0 1 0 0 0 0 0 0 0 0 0 0 0 0 0 0
21 19 38.846079 -106.865589 0.39 0.24 5 1 0 0 0 0 0 0 0 0 0 0 0 0 0 0 0 0 0
22 19 38.847215 -106.853801 0.39 0.24 5 1 0 0 0 0 0 0 0 0 0 0 0 0 0 0 0 0 0
23 19 38.848350 -106.842013 0.39 0.24 5 0 0 0 1 0 0 0 0 0 0 0 0 0 0 0 0 0 0
24 19 38.849483 -106.830224 0.39 0.24 5 0 0 0 1 0 0 0 0 0 0 0 0 0 0 0 0 0 0
25 19 38.850616 -106.818435 0.39 0.23 5 0 0 0 1 0 0 0 0 0 0 0 0 0 0 0 0 0 0
26 19 38.851746 -106.806645 0.39 0.24 5 0 0 0 1 0 0 0 0 0 0 0 0 0 0 0 0 0 0
27 19 38.852876 -106.794855 0.20 0.05 5 1 0 0 0 0 0 0 0 0 0 0 0 0 0 0 0 0 0
28 19 38.854004 -106.783065 0.57 0.15 5 1 0 0 0 0 0 0 0 0 0 0 0 0 0 0 0 0 0
29 19 38.855131 -106.771274 0.39 0.24 5 1 0 0 0 0 0 0 0 0 0 0 0 0 0 0 0 0 0
30 19 38.856256 -106.759483 0.19 0.05 5 1 0 0 0 0 0 0 0 0 0 0 0 0 0 0 0 0 0
31 19 38.857380 -106.747691 0.19 0.05 5 1 0 0 0 0 0 0 0 0 0 0 0 0 0 0 0 0 0
32 19 38.858503 -106.735899 0.50 0.16 5 1 0 0 0 0 0 0 0 0 0 0 0 0 0 0 0 0 0
1 20 38.832248 -107.102748 0.44 0.13 5 1 0 0 0 0 0 0 0 0 0 0 0 0 0 0 0 0 0
2 20 38.833411 -107.090968 0.44 0.13 5 1 0 0 0 0 0 0 0 0 0 0 0 0 0 0 0 0 0
3 20 38.834573 -107.079186 0.45 0.17 5 1 0 0 0 0 0 0 0 0 0 0 0 0 0 0 0 0 0
4 20 38.835734 -107.067405 0.45 0.17 5 1 0 0 0 0 0 0 0 0 0 0 0 0 0 0 0 0 0
5 20 38.836893 -107.055622 0.44 0.18 4 1 0 0 0 0 0 0 0 0 0 0 0 0 0 0 0 0 0
6 20 38.838051 -107.043840 0.43 0.15 4 1 0 0 0 0 0 0 0 0 0 0 0 0 0 0 0 0 0
7 20 38.839208 -107.032057 0.43 0.13 4 0 0 0 0 0 0 1 0 0 0 0 0 0 0 0 0 0 0
8 20 38.840363 -107.020273 0.42 0.14 4 1 0 0 0 0 0 0 0 0 0 0 0 0 0 0 0 0 0
9 20 38.841517 -107.008489 0.40 0.21 4 1 0 0 0 0 0 0 0 0 0 0 0 0 0 0 0 0 0
10 20 38.842670 -106.996705 0.38 0.25 5 1 0 0 0 0 0 0 0 0 0 0 0 0 0 0 0 0 0
11 20 38.843821 -106.984920 0.38 0.23 4 1 0 0 0 0 0 0 0 0 0 0 0 0 0 0 0 0 0
12 20 38.844971 -106.973135 0.39 0.23 4 1 0 0 0 0 0 0 0 0 0 0 0 0 0 0 0 0 0
13 20 38.846119 -106.961349 0.39 0.24 5 0 0 0 0 0 0 1 0 0 0 0 0 0 0 0 0 0 0
14 20 38.847267 -106.949563 0.46 0.16 4 0 0 0 0 0 0 1 0 0 0 0 0 0 0 0 0 0 0
15 20 38.848412 -106.937777 0.49 0.16 5 0 0 0 0 0 0 1 0 0 0 0 0 0 0 0 0 0 0
16 20 38.849557 -106.925990 0.44 0.16 5 0 0 0 0 0 0 1 0 0 0 0 0 0 0 0 0 0 0
17 20 38.850700 -106.914202 0.46 0.16 5 0 0 0 0 0 0 1 0 0 0 0 0 0 0 0 0 0 0
18 20 38.851842 -106.902415 0.45 0.20 4 0 0 0 0 0 0 1 0 0 0 0 0 0 0 0 0 0 0
19 20 38.852982 -106.890626 0.62 0.16 4 0 0 0 1 0 0 0 0 0 0 0 0 0 0 0 0 0 0
20 20 38.854122 -106.878838 0.66 0.12 5 1 0 0 0 0 0 0 0 0 0 0 0 0 0 0 0 0 0
21 20 38.855259 -106.867049 0.39 0.24 5 1 0 0 0 0 0 0 0 0 0 0 0 0 0 0 0 0 0
22 20 38.856396 -106.855259 0.21 0.06 5 1 0 0 0 0 0 0 0 0 0 0 0 0 0 0 0 0 0
23 20 38.857531 -106.843469 0.46 0.20 5 1 0 0 0 0 0 0 0 0 0 0 0 0 0 0 0 0 0
24 20 38.858665 -106.831679 0.53 0.17 5 0 0 0 0 0 0 1 0 0 0 0 0 0 0 0 0 0 0
25 20 38.859797 -106.819888 0.43 0.22 5 0 0 0 0 0 0 1 0 0 0 0 0 0 0 0 0 0 0
26 20 38.860928 -106.808097 0.39 0.24 5 0 0 0 1 0 0 0 0 0 0 0 0 0 0 0 0 0 0
27 20 38.862058 -106.796305 0.39 0.24 5 1 0 0 0 0 0 0 0 0 0 0 0 0 0 0 0 0 0
28 20 38.863186 -106.784513 0.66 0.12 5 1 0 0 0 0 0 0 0 0 0 0 0 0 0 0 0 0 0
29 20 38.864313 -106.772720 0.19 0.05 5 1 0 0 0 0 0 0 0 0 0 0 0 0 0 0 0 0 0
30 20 38.865439 -106.760927 0.20 0.05 5 1 0 0 0 0 0 0 0 0 0 0 0 0 0 0 0 0 0
31 20 38.866563 -106.749134 0.19 0.05 5 1 0 0 0 0 0 0 0 0 0 0 0 0 0 0 0 0 0
32 20 38.867686 -106.737340 0.19 0.05 5 1 0 0 0 0 0 0 0 0 0 0 0 0 0 0 0 0 0
1 21 38.841425 -107.104243 0.45 0.12 4 1 0 0 0 0 0 0 0 0 0 0 0 0 0 0 0 0 0
2 21 38.842588 -107.092460 0.52 0.11 5 1 0 0 0 0 0 0 0 0 0 0 0 0 0 0 0 0 0
3 21 38.843750 -107.080678 0.43 0.18 5 1 0 0 0 0 0 0 0 0 0 0 0 0 0 0 0 0 0
4 21 38.844911 -107.068894 0.43 0.18 4 1 0 0 0 0 0 0 0 0 0 0 0 0 0 0 0 0 0
5 21 38.846071 -107.057110 0.44 0.17 4 1 0 0 0 0 0 0 0 0 0 0 0 0 0 0 0 0 0
6 21 38.847229 -107.045326 0.43 0.15 4 1 0 0 0 0 0 0 0 0 0 0 0 0 0 0 0 0 0
7 21 38.848386 -107.033541 0.43 0.09 4 0 0 0 0 0 0 1 0 0 0 0 0 0 0 0 0 0 0
8 21 38.849541 -107.021756 0.41 0.17 5 1 0 0 0 0 0 0 0 0 0 0 0 0 0 0 0 0 0
9 21 38.850696 -107.009970 0.40 0.22 5 1 0 0 0 0 0 0 0 0 0 0 0 0 0 0 0 0 0
10 21 38.851848 -106.998184 0.42 0.20 5 1 0 0 0 0 0 0 0 0 0 0 0 0 0 0 0 0 0
11 21 38.853000 -106.986398 0.40 0.03 5 1 0 0 0 0 0 0 0 0 0 0 0 0 0 0 0 0 0
12 21 38.854150 -106.974611 0.29 0.14 5 0 0 0 1 0 0 0 0 0 0 0 0 0 0 0 0 0 0
13 21 38.855299 -106.962823 0.33 0.18 5 0 0 0 0 0 0 1 0 0 0 0 0 0 0 0 0 0 0
14 21 38.856446 -106.951036 0.49 0.15 5 0 0 0 0 0 0 0 0 0 0 0 0 1 0 0 0 0 0
15 21 38.857592 -106.939247 0.45 0.17 5 0 0 0 0 0 0 0 0 0 0 0 0 1 0 0 0 0 0
16 21 38.858737 -106.927459 0.44 0.16 5 0 0 0 0 0 0 1 0 0 0 0 0 0 0 0 0 0 0
17 21 38.859880 -106.915670 0.46 0.15 4 0 0 0 0 0 0 1 0 0 0 0 0 0 0 0 0 0 0
18 21 38.861022 -106.903880 0.42 0.18 5 0 0 0 0 0 0 1 0 0 0 0 0 0 0 0 0 0 0
19 21 38.862163 -106.892090 0.47 0.20 5 0 0 0 1 0 0 0 0 0 0 0 0 0 0 0 0 0 0
20 21 38.863302 -106.880300 0.65 0.15 5 0 0 0 1 0 0 0 0 0 0 0 0 0 0 0 0 0 0
21 21 38.864440 -106.868509 0.55 0.27 5 1 0 0 0 0 0 0 0 0 0 0 0 0 0 0 0 0 0
22 21 38.865577 -106.856718 0.21 0.06 5 1 0 0 0 0 0 0 0 0 0 0 0 0 0 0 0 0 0
23 21 38.866712 -106.844926 0.66 0.12 5 0 0 0 1 0 0 0 0 0 0 0 0 0 0 0 0 0 0
24 21 38.867846 -106.833134 0.66 0.12 5 0 0 0 0 0 0 1 0 0 0 0 0 0 0 0 0 0 0
25 21 38.868979 -106.821341 0.66 0.12 5 0 0 0 0 0 0 1 0 0 0 0 0 0 0 0 0 0 0
26 21 38.870110 -106.809548 0.57 0.15 5 0 0 0 0 0 0 1 0 0 0 0 0 0 0 0 0 0 0
27 21 38.871240 -106.797755 0.39 0.24 5 1 0 0 0 0 0 0 0 0 0 0 0 0 0 0 0 0 0
28 21 38.872368 -106.785961 0.55 0.12 5 1 0 0 0 0 0 0 0 0 0 0 0 0 0 0 0 0 0
29 21 38.873495 -106.774167 0.66 0.12 5 1 0 0 0 0 0 0 0 0 0 0 0 0 0 0 0 0 0
30 21 38.874621 -106.762372 0.66 0.12 5 1 0 0 0 0 0 0 0 0 0 0 0 0 0 0 0 0 0
31 21 38.875746 -106.750577 0.66 0.12 5 1 0 0 0 0 0 0 0 0 0 0 0 0 0 0 0 0 0
32 21 38.876869 -106.738782 0.66 0.12 5 1 0 0 0 0 0 0 0 0 0 0 0 0 0 0 0 0 0
1 22 38.850602 -107.105738 0.43 0.14 5 1 0 0 0 0 0 0 0 0 0 0 0 0 0 0 0 0 0
2 22 38.851766 -107.093954 0.44 0.16 5 1 0 0 0 0 0 0 0 0 0 0 0 0 0 0 0 0 0
3 22 38.852928 -107.082169 0.43 0.18 4 1 0 0 0 0 0 0 0 0 0 0 0 0 0 0 0 0 0
4 22 38.854089 -107.070384 0.43 0.18 4 0 0 0 0 0 0 1 0 0 0 0 0 0 0 0 0 0 0
5 22 38.855249 -107.058598 0.43 0.17 4 1 0 0 0 0 0 0 0 0 0 0 0 0 0 0 0 0 0
6 22 38.856407 -107.046812 0.43 0.12 4 1 0 0 0 0 0 0 0 0 0 0 0 0 0 0 0 0 0
7 22 38.857564 -107.035026 0.43 0.10 4 1 0 0 0 0 0 0 0 0 0 0 0 0 0 0 0 0 0
8 22 38.858720 -107.023239 0.43 0.15 5 1 0 0 0 0 0 0 0 0 0 0 0 0 0 0 0 0 0
9 22 38.859874 -107.011452 0.42 0.20 5 1 0 0 0 0 0 0 0 0 0 0 0 0 0 0 0 0 0
10 22 38.861027 -106.999664 0.42 0.20 5 1 0 0 0 0 0 0 0 0 0 0 0 0 0 0 0 0 0
11 22 38.862179 -106.987876 0.42 0.14 5 1 0 0 0 0 0 0 0 0 0 0 0 0 0 0 0 0 0
12 22 38.863329 -106.976087 0.41 0.12 5 0 0 0 0 0 0 0 0 0 0 0 0 1 0 0 0 0 0
13 22 38.864478 -106.964298 0.43 0.16 5 0 0 0 0 0 0 0 0 0 1 0 0 0 0 0 0 0 0
14 22 38.865626 -106.952509 0.50 0.14 5 0 0 0 0 0 0 0 0 0 0 0 0 1 0 0 0 0 0
15 22 38.866772 -106.940719 0.53 0.16 5 0 0 0 1 0 0 0 0 0 0 0 0 0 0 0 0 0 0
16 22 38.867917 -106.928928 0.66 0.15 5 0 0 0 0 0 0 1 0 0 0 0 0 0 0 0 0 0 0
17 22 38.869060 -106.917137 0.66 0.13 5 1 0 0 0 0 0 0 0 0 0 0 0 0 0 0 0 0 0
18 22 38.870203 -106.905346 0.66 0.11 5 0 0 0 0 0 0 0 0 0 1 0 0 0 0 0 0 0 0
19 22 38.871343 -106.893554 0.66 0.08 5 0 0 0 1 0 0 0 0 0 0 0 0 0 0 0 0 0 0
20 22 38.872483 -106.881762 0.60 0.17 5 0 0 0 1 0 0 0 0 0 0 0 0 0 0 0 0 0 0
21 22 38.873621 -106.869970 0.60 0.17 5 0 0 0 1 0 0 0 0 0 0 0 0 0 0 0 0 0 0
22 22 38.874758 -106.858177 0.50 0.19 5 0 0 0 1 0 0 0 0 0 0 0 0 0 0 0 0 0 0
23 22 38.875893 -106.846384 0.66 0.12 5 1 0 0 0 0 0 0 0 0 0 0 0 0 0 0 0 0 0
24 22 38.877027 -106.834590 0.66 0.12 5 1 0 0 0 0 0 0 0 0 0 0 0 0 0 0 0 0 0
25 22 38.878160 -106.822795 0.66 0.12 5 0 0 0 0 0 0 1 0 0 0 0 0 0 0 0 0 0 0
26 22 38.879292 -106.811001 0.66 0.12 5 1 0 0 0 0 0 0 0 0 0 0 0 0 0 0 0 0 0
27 22 38.880422 -106.799206 0.66 0.12 5 1 0 0 0 0 0 0 0 0 0 0 0 0 0 0 0 0 0
28 22 38.881550 -106.787410 0.69 0.08 5 1 0 0 0 0 0 0 0 0 0 0 0 0 0 0 0 0 0
29 22 38.882678 -106.775614 0.20 0.05 5 1 0 0 0 0 0 0 0 0 0 0 0 0 0 0 0 0 0
30 22 38.883804 -106.763818 0.66 0.12 5 1 0 0 0 0 0 0 0 0 0 0 0 0 0 0 0 0 0
31 22 38.884928 -106.752021 0.66 0.12 5 1 0 0 0 0 0 0 0 0 0 0 0 0 0 0 0 0 0
32 22 38.886052 -106.740224 0.66 0.12 5 1 0 0 0 0 0 0 0 0 0 0 0 0 0 0 0 0 0
1 23 38.859779 -107.107233 0.42 0.20 5 1 0 0 0 0 0 0 0 0 0 0 0 0 0 0 0 0 0
2 23 38.860943 -107.095448 0.44 0.18 5 1 0 0 0 0 0 0 0 0 0 0 0 0 0 0 0 0 0
3 23 38.862106 -107.083661 0.44 0.17 5 1 0 0 0 0 0 0 0 0 0 0 0 0 0 0 0 0 0
4 23 38.863267 -107.071874 0.46 0.15 4 1 0 0 0 0 0 0 0 0 0 0 0 0 0 0 0 0 0
5 23 38.864427 -107.060087 0.43 0.16 5 0 0 0 0 0 0 1 0 0 0 0 0 0 0 0 0 0 0
6 23 38.865585 -107.048299 0.46 0.15 4 0 0 0 1 0 0 0 0 0 0 0 0 0 0 0 0 0 0
7 23 38.866743 -107.036511 0.46 0.14 4 0 0 0 1 0 0 0 0 0 0 0 0 0 0 0 0 0 0
8 23 38.867899 -107.024722 0.47 0.11 4 0 0 0 1 0 0 0 0 0 0 0 0 0 0 0 0 0 0
9 23 38.869053 -107.012933 0.45 0.16 5 1 0 0 0 0 0 0 0 0 0 0 0 0 0 0 0 0 0
10 23 38.870206 -107.001144 0.43 0.13 5 0 0 0 1 0 0 0 0 0 0 0 0 0 0 0 0 0 0
11 23 38.871358 -106.989354 0.44 0.16 5 0 0 0 1 0 0 0 0 0 0 0 0 0 0 0 0 0 0
12 23 38.872509 -106.977564 0.44 0.16 5 0 0 0 0 0 0 0 0 0 0 0 0 1 0 0 0 0 0
13 23 38.873658 -106.965773 0.48 0.15 5 0 0 0 0 0 0 0 0 0 1 0 0 0 0 0 0 0 0
14 23 38.874805 -106.953982 0.52 0.17 5 0 0 0 0 0 0 1 0 0 0 0 0 0 0 0 0 0 0
15 23 38.875952 -106.942190 0.63 0.15 5 1 0 0 0 0 0 0 0 0 0 0 0 0 0 0 0 0 0
16 23 38.877097 -106.930398 0.66 0.15 5 1 0 0 0 0 0 0 0 0 0 0 0 0 0 0 0 0 0
17 23 38.878241 -106.918605 0.66 0.12 5 1 0 0 0 0 0 0 0 0 0 0 0 0 0 0 0 0 0
18 23 38.879383 -106.906813 0.66 0.11 5 0 0 0 0 0 0 0 0 0 1 0 0 0 0 0 0 0 0
19 23 38.880524 -106.895019 0.64 0.06 5 0 0 0 1 0 0 0 0 0 0 0 0 0 0 0 0 0 0
20 23 38.881664 -106.883225 0.66 0.10 5 0 0 0 1 0 0 0 0 0 0 0 0 0 0 0 0 0 0
21 23 38.882802 -106.871431 0.54 0.15 5 0 0 0 1 0 0 0 0 0 0 0 0 0 0 0 0 0 0
22 23 38.883939 -106.859636 0.38 0.24 5 1 0 0 0 0 0 0 0 0 0 0 0 0 0 0 0 0 0
23 23 38.885075 -106.847841 0.40 0.22 5 1 0 0 0 0 0 0 0 0 0 0 0 0 0 0 0 0 0
24 23 38.886209 -106.836046 0.66 0.12 5 0 0 0 0 0 0 1 0 0 0 0 0 0 0 0 0 0 0
25 23 38.887342 -106.824250 0.66 0.12 5 0 0 0 0 0 0 1 0 0 0 0 0 0 0 0 0 0 0
26 23 38.888474 -106.812453 0.66 0.12 5 1 0 0 0 0 0 0 0 0 0 0 0 0 0 0 0 0 0
27 23 38.889604 -106.800657 0.66 0.12 5 1 0 0 0 0 0 0 0 0 0 0 0 0 0 0 0 0 0
28 23 38.890733 -106.788859 0.59 0.14 5 0 0 0 1 0 0 0 0 0 0 0 0 0 0 0 0 0 0
29 23 38.891860 -106.777062 0.39 0.24 5 1 0 0 0 0 0 0 0 0 0 0 0 0 0 0 0 0 0
30 23 38.892987 -106.765264 0.66 0.12 5 1 0 0 0 0 0 0 0 0 0 0 0 0 0 0 0 0 0
31 23 38.894111 -106.753465 0.66 0.12 5 0 0 0 0 0 0 1 0 0 0 0 0 0 0 0 0 0 0
32 23 38.895235 -106.741666 0.66 0.12 5 1 0 0 0 0 0 0 0 0 0 0 0 0 0 0 0 0 0
1 24 38.868957 -107.108729 0.42 0.20 6 1 0 0 0 0 0 0 0 0 0 0 0 0 0 0 0 0 0
2 24 38.870121 -107.096942 0.42 0.20 6 1 0 0 0 0 0 0 0 0 0 0 0 0 0 0 0 0 0
3 24 38.871283 -107.085154 0.43 0.18 5 1 0 0 0 0 0 0 0 0 0 0 0 0 0 0 0 0 0
4 24 38.872445 -107.073365 0.43 0.18 5 1 0 0 0 0 0 0 0 0 0 0 0 0 0 0 0 0 0
5 24 38.873605 -107.061576 0.43 0.14 5 0 0 0 0 0 0 1 0 0 0 0 0 0 0 0 0 0 0
6 24 38.874764 -107.049787 0.43 0.17 4 0 0 0 0 0 0 1 0 0 0 0 0 0 0 0 0 0 0
7 24 38.875921 -107.037997 0.43 0.17 4 0 0 0 0 0 0 1 0 0 0 0 0 0 0 0 0 0 0
8 24 38.877077 -107.026206 0.44 0.16 5 1 0 0 0 0 0 0 0 0 0 0 0 0 0 0 0 0 0
9 24 38.878232 -107.014416 0.48 0.14 5 1 0 0 0 0 0 0 0 0 0 0 0 0 0 0 0 0 0
10 24 38.879385 -107.002624 0.44 0.16 5 0 0 0 1 0 0 0 0 0 0 0 0 0 0 0 0 0 0
11 24 38.880537 -106.990833 0.44 0.16 5 0 0 0 0 0 0 0 0 0 1 0 0 0 0 0 0 0 0
12 24 38.881688 -106.979041 0.61 0.15 5 0 0 0 0 0 0 0 0 0 1 0 0 0 0 0 0 0 0
13 24 38.882837 -106.967248 0.63 0.08 5 0 0 0 0 0 0 0 0 0 1 0 0 0 0 0 0 0 0
14 24 38.883985 -106.955455 0.66 0.11 5 0 0 0 1 0 0 0 0 0 0 0 0 0 0 0 0 0 0
15 24 38.885132 -106.943662 0.43 0.10 5 1 0 0 0 0 0 0 0 0 0 0 0 0 0 0 0 0 0
16 24 38.886277 -106.931868 0.43 0.10 5 1 0 0 0 0 0 0 0 0 0 0 0 0 0 0 0 0 0
17 24 38.887421 -106.920074 0.66 0.13 5 0 0 0 0 0 0 1 0 0 0 0 0 0 0 0 0 0 0
18 24 38.888564 -106.908279 0.66 0.13 5 0 0 0 0 0 0 0 0 0 1 0 0 0 0 0 0 0 0
19 24 38.889705 -106.896484 0.63 0.11 5 0 0 0 0 0 0 0 0 0 1 0 0 0 0 0 0 0 0
20 24 38.890845 -106.884689 0.66 0.15 5 0 0 0 1 0 0 0 0 0 0 0 0 0 0 0 0 0 0
21 24 38.891983 -106.872893 0.46 0.20 5 0 0 0 1 0 0 0 0 0 0 0 0 0 0 0 0 0 0
22 24 38.893121 -106.861096 0.40 0.23 5 1 0 0 0 0 0 0 0 0 0 0 0 0 0 0 0 0 0
23 24 38.894256 -106.849300 0.20 0.05 5 1 0 0 0 0 0 0 0 0 0 0 0 0 0 0 0 0 0
24 24 38.895391 -106.837502 0.66 0.12 5 1 0 0 0 0 0 0 0 0 0 0 0 0 0 0 0 0 0
25 24 38.896524 -106.825705 0.66 0.12 5 1 0 0 0 0 0 0 0 0 0 0 0 0 0 0 0 0 0
26 24 38.897656 -106.813907 0.66 0.12 5 1 0 0 0 0 0 0 0 0 0 0 0 0 0 0 0 0 0
27 24 38.898786 -106.802108 0.66 0.12 5 1 0 0 0 0 0 0 0 0 0 0 0 0 0 0 0 0 0
28 24 38.899915 -106.790309 0.55 0.16 5 0 0 0 0 0 0 1 0 0 0 0 0 0 0 0 0 0 0
29 24 38.901043 -106.778510 0.54 0.17 5 0 0 0 0 0 0 1 0 0 0 0 0 0 0 0 0 0 0
30 24 38.902169 -106.766710 0.66 0.12 5 0 0 0 0 0 0 1 0 0 0 0 0 0 0 0 0 0 0
31 24 38.903294 -106.754910 0.66 0.12 5 0 0 0 0 0 0 1 0 0 0 0 0 0 0 0 0 0 0
32 24 38.904418 -106.743109 0.67 0.09 5 1 0 0 0 0 0 0 0 0 0 0 0 0 0 0 0 0 0
1 25 38.878134 -107.110226 0.44 0.17 6 1 0 0 0 0 0 0 0 0 0 0 0 0 0 0 0 0 0
2 25 38.879298 -107.098436 0.41 0.21 5 1 0 0 0 0 0 0 0 0 0 0 0 0 0 0 0 0 0
3 25 38.880461 -107.086646 0.43 0.18 5 1 0 0 0 0 0 0 0 0 0 0 0 0 0 0 0 0 0
4 25 38.881623 -107.074856 0.43 0.18 5 1 0 0 0 0 0 0 0 0 0 0 0 0 0 0 0 0 0
5 25 38.882783 -107.063066 0.43 0.16 5 0 0 0 0 0 0 1 0 0 0 0 0 0 0 0 0 0 0
6 25 38.883942 -107.051274 0.43 0.15 6 0 0 0 0 0 0 1 0 0 0 0 0 0 0 0 0 0 0
7 25 38.885100 -107.039483 0.47 0.12 4 0 0 0 0 0 0 1 0 0 0 0 0 0 0 0 0 0 0
8 25 38.886256 -107.027691 0.53 0.11 4 1 0 0 0 0 0 0 0 0 0 0 0 0 0 0 0 0 0
9 25 38.887411 -107.015898 0.45 0.18 4 1 0 0 0 0 0 0 0 0 0 0 0 0 0 0 0 0 0
10 25 38.888565 -107.004105 0.43 0.14 5 0 0 0 1 0 0 0 0 0 0 0 0 0 0 0 0 0 0
11 25 38.889717 -106.992312 0.44 0.15 5 0 0 0 0 0 0 1 0 0 0 0 0 0 0 0 0 0 0
12 25 38.890868 -106.980518 0.60 0.08 5 0 0 0 0 0 0 1 0 0 0 0 0 0 0 0 0 0 0
13 25 38.892017 -106.968724 0.65 0.05 5 0 0 0 0 0 0 0 0 0 0 0 0 1 0 0 0 0 0
14 25 38.893165 -106.956930 0.66 0.13 5 0 0 0 1 0 0 0 0 0 0 0 0 0 0 0 0 0 0
15 25 38.894312 -106.945134 0.66 0.15 5 0 0 0 0 0 0 0 0 0 0 0 0 1 0 0 0 0 0
16 25 38.895458 -106.933339 0.16 0.05 5 1 0 0 0 0 0 0 0 0 0 0 0 0 0 0 0 0 0
17 25 38.896602 -106.921543 0.66 0.15 5 1 0 0 0 0 0 0 0 0 0 0 0 0 0 0 0 0 0
18 25 38.897745 -106.909747 0.66 0.15 5 0 0 0 0 0 0 0 0 0 1 0 0 0 0 0 0 0 0
19 25 38.898886 -106.897950 0.63 0.11 5 0 0 0 0 0 0 1 0 0 0 0 0 0 0 0 0 0 0
20 25 38.900026 -106.886153 0.66 0.07 5 0 0 0 0 0 0 1 0 0 0 0 0 0 0 0 0 0 0
21 25 38.901165 -106.874355 0.52 0.24 5 0 0 0 0 0 0 1 0 0 0 0 0 0 0 0 0 0 0
22 25 38.902302 -106.862557 0.43 0.20 5 1 0 0 0 0 0 0 0 0 0 0 0 0 0 0 0 0 0
23 25 38.903438 -106.850758 0.43 0.19 5 1 0 0 0 0 0 0 0 0 0 0 0 0 0 0 0 0 0
24 25 38.904573 -106.838959 0.43 0.18 5 1 0 0 0 0 0 0 0 0 0 0 0 0 0 0 0 0 0
25 25 38.905706 -106.827160 0.20 0.05 5 1 0 0 0 0 0 0 0 0 0 0 0 0 0 0 0 0 0
26 25 38.906838 -106.815360 0.20 0.05 5 0 0 0 0 0 0 1 0 0 0 0 0 0 0 0 0 0 0
27 25 38.907969 -106.803560 0.19 0.05 5 1 0 0 0 0 0 0 0 0 0 0 0 0 0 0 0 0 0
28 25 38.909098 -106.791759 0.65 0.12 5 0 0 0 0 0 0 1 0 0 0 0 0 0 0 0 0 0 0
29 25 38.910226 -106.779958 0.40 0.23 5 0 0 0 0 0 0 1 0 0 0 0 0 0 0 0 0 0 0
30 25 38.911353 -106.768157 0.67 0.13 5 1 0 0 0 0 0 0 0 0 0 0 0 0 0 0 0 0 0
31 25 38.912478 -106.756355 0.67 0.13 5 1 0 0 0 0 0 0 0 0 0 0 0 0 0 0 0 0 0
32 25 38.913602 -106.744552 0.20 0.05 5 0 0 0 0 0 0 1 0 0 0 0 0 0 0 0 0 0 0
1 26 38.887312 -107.111722 0.41 0.18 6 1 0 0 0 0 0 0 0 0 0 0 0 0 0 0 0 0 0
2 26 38.888476 -107.099931 0.41 0.21 6 1 0 0 0 0 0 0 0 0 0 0 0 0 0 0 0 0 0
3 26 38.889640 -107.088140 0.43 0.18 5 1 0 0 0 0 0 0 0 0 0 0 0 0 0 0 0 0 0
4 26 38.890801 -107.076348 0.42 0.15 6 0 0 0 0 0 0 1 0 0 0 0 0 0 0 0 0 0 0
5 26 38.891962 -107.064555 0.42 0.08 6 0 0 0 0 0 0 1 0 0 0 0 0 0 0 0 0 0 0
6 26 38.893121 -107.052763 0.45 0.08 6 0 0 0 0 0 0 1 0 0 0 0 0 0 0 0 0 0 0
7 26 38.894279 -107.040969 0.46 0.08 5 1 0 0 0 0 0 0 0 0 0 0 0 0 0 0 0 0 0
8 26 38.895435 -107.029176 0.48 0.14 4 1 0 0 0 0 0 0 0 0 0 0 0 0 0 0 0 0 0
9 26 38.896590 -107.017381 0.65 0.11 4 0 0 0 1 0 0 0 0 0 0 0 0 0 0 0 0 0 0
10 26 38.897744 -107.005587 0.44 0.15 5 0 0 0 0 0 0 0 0 0 1 0 0 0 0 0 0 0 0
11 26 38.898897 -106.993792 0.33 0.18 5 0 0 0 1 0 0 0 0 0 0 0 0 0 0 0 0 0 0
12 26 38.900048 -106.981996 0.65 0.11 5 0 0 0 0 0 0 1 0 0 0 0 0 0 0 0 0 0 0
13 26 38.901197 -106.970200 0.53 0.12 5 0 0 0 0 0 0 1 0 0 0 0 0 0 0 0 0 0 0
14 26 38.902346 -106.958404 0.66 0.11 5 0 0 0 1 0 0 0 0 0 0 0 0 0 0 0 0 0 0
15 26 38.903493 -106.946607 0.66 0.13 5 0 0 0 0 0 0 1 0 0 0 0 0 0 0 0 0 0 0
16 26 38.904638 -106.934810 0.66 0.12 5 1 0 0 0 0 0 0 0 0 0 0 0 0 0 0 0 0 0
17 26 38.905783 -106.923012 0.65 0.15 5 0 0 0 0 0 0 0 0 0 1 0 0 0 0 0 0 0 0
18 26 38.906926 -106.911214 0.63 0.12 5 0 0 0 0 0 0 1 0 0 0 0 0 0 0 0 0 0 0
19 26 38.908067 -106.899416 0.67 0.10 5 0 0 0 0 0 0 1 0 0 0 0 0 0 0 0 0 0 0
20 26 38.909207 -106.887617 0.66 0.07 5 0 0 0 0 0 0 1 0 0 0 0 0 0 0 0 0 0 0
21 26 38.910346 -106.875818 0.56 0.16 5 0 0 0 1 0 0 0 0 0 0 0 0 0 0 0 0 0 0
22 26 38.911484 -106.864018 0.63 0.13 5 1 0 0 0 0 0 0 0 0 0 0 0 0 0 0 0 0 0
23 26 38.912620 -106.852217 0.40 0.23 5 0 0 0 1 0 0 0 0 0 0 0 0 0 0 0 0 0 0
24 26 38.913755 -106.840417 0.43 0.19 5 1 0 0 0 0 0 0 0 0 0 0 0 0 0 0 0 0 0
25 26 38.914889 -106.828616 0.42 0.20 5 1 0 0 0 0 0 0 0 0 0 0 0 0 0 0 0 0 0
26 26 38.916021 -106.816814 0.20 0.05 5 1 0 0 0 0 0 0 0 0 0 0 0 0 0 0 0 0 0
27 26 38.917151 -106.805012 0.15 0.04 5 1 0 0 0 0 0 0 0 0 0 0 0 0 0 0 0 0 0
28 26 38.918281 -106.793210 0.59 0.15 5 1 0 0 0 0 0 0 0 0 0 0 0 0 0 0 0 0 0
29 26 38.919409 -106.781407 0.41 0.21 5 0 0 0 0 0 0 1 0 0 0 0 0 0 0 0 0 0 0
30 26 38.920536 -106.769604 0.39 0.24 5 1 0 0 0 0 0 0 0 0 0 0 0 0 0 0 0 0 0
31 26 38.921661 -106.757800 0.67 0.13 5 1 0 0 0 0 0 0 0 0 0 0 0 0 0 0 0 0 0
32 26 38.922785 -106.745996 0.20 0.05 5 0 0 0 0 0 0 1 0 0 0 0 0 0 0 0 0 0 0
1 27 38.896490 -107.113220 0.42 0.15 6 0 0 0 0 0 0 1 0 0 0 0 0 0 0 0 0 0 0
2 27 38.897654 -107.101427 0.41 0.21 6 1 0 0 0 0 0 0 0 0 0 0 0 0 0 0 0 0 0
3 27 38.898818 -107.089634 0.42 0.15 5 0 0 0 0 0 0 1 0 0 0 0 0 0 0 0 0 0 0
4 27 38.899980 -107.077840 0.42 0.07 6 1 0 0 0 0 0 0 0 0 0 0 0 0 0 0 0 0 0
5 27 38.901141 -107.066046 0.41 0.19 6 1 0 0 0 0 0 0 0 0 0 0 0 0 0 0 0 0 0
6 27 38.902300 -107.054251 0.49 0.13 6 1 0 0 0 0 0 0 0 0 0 0 0 0 0 0 0 0 0
7 27 38.903458 -107.042456 0.50 0.11 5 1 0 0 0 0 0 0 0 0 0 0 0 0 0 0 0 0 0
8 27 38.904615 -107.030661 0.50 0.11 5 1 0 0 0 0 0 0 0 0 0 0 0 0 0 0 0 0 0
9 27 38.905770 -107.018865 0.33 0.11 5 0 0 0 0 0 0 0 0 0 1 0 0 0 0 0 0 0 0
10 27 38.906924 -107.007069 0.26 0.20 5 0 0 0 1 0 0 0 0 0 0 0 0 0 0 0 0 0 0
11 27 38.908076 -106.995272 0.29 0.20 5 1 0 0 0 0 0 0 0 0 0 0 0 0 0 0 0 0 0
12 27 38.909228 -106.983475 0.63 0.07 5 0 0 0 0 0 0 1 0 0 0 0 0 0 0 0 0 0 0
13 27 38.910378 -106.971677 0.30 0.23 5 0 0 0 0 0 0 1 0 0 0 0 0 0 0 0 0 0 0
14 27 38.911526 -106.959879 0.65 0.07 5 0 0 0 0 0 0 0 0 0 0 0 0 1 0 0 0 0 0
15 27 38.912673 -106.948081 0.66 0.11 5 0 0 0 1 0 0 0 0 0 0 0 0 0 0 0 0 0 0
16 27 38.913819 -106.936282 0.66 0.15 5 0 0 0 0 0 0 0 0 0 1 0 0 0 0 0 0 0 0
17 27 38.914964 -106.924482 0.63 0.14 5 0 0 0 0 0 0 1 0 0 0 0 0 0 0 0 0 0 0
18 27 38.916107 -106.912682 0.62 0.12 5 0 0 0 0 0 0 1 0 0 0 0 0 0 0 0 0 0 0
19 27 38.917249 -106.900882 0.44 0.22 5 0 0 0 0 0 0 1 0 0 0 0 0 0 0 0 0 0 0
20 27 38.918389 -106.889082 0.58 0.14 5 0 0 0 1 0 0 0 0 0 0 0 0 0 0 0 0 0 0
21 27 38.919528 -106.877280 0.47 0.20 5 0 0 0 0 0 0 1 0 0 0 0 0 0 0 0 0 0 0
22 27 38.920666 -106.865479 0.66 0.12 5 1 0 0 0 0 0 0 0 0 0 0 0 0 0 0 0 0 0
23 27 38.921802 -106.853677 0.39 0.24 5 1 0 0 0 0 0 0 0 0 0 0 0 0 0 0 0 0 0
24 27 38.922937 -106.841875 0.41 0.22 5 1 0 0 0 0 0 0 0 0 0 0 0 0 0 0 0 0 0
25 27 38.924071 -106.830072 0.39 0.24 5 1 0 0 0 0 0 0 0 0 0 0 0 0 0 0 0 0 0
26 27 38.925203 -106.818269 0.39 0.24 5 1 0 0 0 0 0 0 0 0 0 0 0 0 0 0 0 0 0
27 27 38.926334 -106.806465 0.15 0.04 5 1 0 0 0 0 0 0 0 0 0 0 0 0 0 0 0 0 0
28 27 38.927464 -106.794661 0.20 0.05 5 1 0 0 0 0 0 0 0 0 0 0 0 0 0 0 0 0 0
29 27 38.928592 -106.782856 0.43 0.19 5 0 0 0 0 0 0 1 0 0 0 0 0 0 0 0 0 0 0
30 27 38.929719 -106.771051 0.42 0.20 5 0 0 0 0 0 0 1 0 0 0 0 0 0 0 0 0 0 0
31 27 38.930845 -106.759246 0.19 0.05 5 0 0 0 0 0 0 1 0 0 0 0 0 0 0 0 0 0 0
32 27 38.931969 -106.747440 0.20 0.05 5 0 0 0 0 0 0 1 0 0 0 0 0 0 0 0 0 0 0
1 28 38.905668 -107.114717 0.42 0.10 6 0 0 0 0 0 0 1 0 0 0 0 0 0 0 0 0 0 0
2 28 38.906833 -107.102923 0.41 0.17 5 0 0 0 0 0 0 1 0 0 0 0 0 0 0 0 0 0 0
3 28 38.907996 -107.091128 0.41 0.16 6 0 0 0 0 0 0 1 0 0 0 0 0 0 0 0 0 0 0
4 28 38.909158 -107.079332 0.43 0.17 5 0 0 0 0 0 0 1 0 0 0 0 0 0 0 0 0 0 0
5 28 38.910319 -107.067537 0.48 0.13 5 1 0 0 0 0 0 0 0 0 0 0 0 0 0 0 0 0 0
6 28 38.911479 -107.055740 0.50 0.13 5 1 0 0 0 0 0 0 0 0 0 0 0 0 0 0 0 0 0
7 28 38.912637 -107.043944 0.47 0.15 5 0 0 0 0 0 0 1 0 0 0 0 0 0 0 0 0 0 0
8 28 38.913794 -107.032146 0.47 0.15 5 0 0 0 1 0 0 0 0 0 0 0 0 0 0 0 0 0 0
9 28 38.914949 -107.020349 0.41 0.15 5 0 0 0 1 0 0 0 0 0 0 0 0 0 0 0 0 0 0
10 28 38.916104 -107.008551 0.33 0.20 5 0 0 0 1 0 0 0 0 0 0 0 0 0 0 0 0 0 0
11 28 38.917256 -106.996752 0.55 0.10 5 0 0 0 0 0 0 1 0 0 0 0 0 0 0 0 0 0 0
12 28 38.918408 -106.984954 0.66 0.13 5 0 0 0 0 1 0 0 0 0 0 0 0 0 0 0 0 0 0
13 28 38.919558 -106.973154 0.52 0.19 5 0 0 0 1 0 0 0 0 0 0 0 0 0 0 0 0 0 0
14 28 38.920707 -106.961354 0.51 0.13 5 0 0 0 0 0 0 1 0 0 0 0 0 0 0 0 0 0 0
15 28 38.921854 -106.949554 0.66 0.12 5 0 0 0 0 0 0 1 0 0 0 0 0 0 0 0 0 0 0
16 28 38.923000 -106.937754 0.65 0.15 5 0 0 0 0 0 0 1 0 0 0 0 0 0 0 0 0 0 0
17 28 38.924145 -106.925953 0.66 0.15 5 0 0 0 0 0 0 1 0 0 0 0 0 0 0 0 0 0 0
18 28 38.925288 -106.914151 0.48 0.21 5 0 0 0 0 0 0 1 0 0 0 0 0 0 0 0 0 0 0
19 28 38.926430 -106.902349 0.39 0.24 5 0 0 0 1 0 0 0 0 0 0 0 0 0 0 0 0 0 0
20 28 38.927571 -106.890547 0.63 0.13 5 0 0 0 1 0 0 0 0 0 0 0 0 0 0 0 0 0 0
21 28 38.928710 -106.878744 0.52 0.18 5 0 0 0 1 0 0 0 0 0 0 0 0 0 0 0 0 0 0
22 28 38.929848 -106.866941 0.20 0.05 5 1 0 0 0 0 0 0 0 0 0 0 0 0 0 0 0 0 0
23 28 38.930984 -106.855137 0.20 0.05 5 1 0 0 0 0 0 0 0 0 0 0 0 0 0 0 0 0 0
24 28 38.932120 -106.843333 0.43 0.18 5 0 0 0 0 0 0 1 0 0 0 0 0 0 0 0 0 0 0
25 28 38.933254 -106.831528 0.19 0.05 5 1 0 0 0 0 0 0 0 0 0 0 0 0 0 0 0 0 0
26 28 38.934386 -106.819723 0.66 0.12 5 1 0 0 0 0 0 0 0 0 0 0 0 0 0 0 0 0 0
27 28 38.935517 -106.807918 0.15 0.04 5 1 0 0 0 0 0 0 0 0 0 0 0 0 0 0 0 0 0
28 28 38.936647 -106.796112 0.45 0.13 5 1 0 0 0 0 0 0 0 0 0 0 0 0 0 0 0 0 0
29 28 38.937776 -106.784306 0.27 0.18 5 0 0 0 0 0 0 1 0 0 0 0 0 0 0 0 0 0 0
30 28 38.938903 -106.772499 0.43 0.18 5 1 0 0 0 0 0 0 0 0 0 0 0 0 0 0 0 0 0
31 28 38.940028 -106.760692 0.51 0.16 5 0 0 0 0 0 0 1 0 0 0 0 0 0 0 0 0 0 0
32 28 38.941153 -106.748885 0.27 0.18 5 0 0 0 0 0 0 0 0 0 0 0 0 0 0 0 1 0 0
1 29 38.914846 -107.116215 0.42 0.03 5 0 0 0 0 0 0 1 0 0 0 0 0 0 0 0 0 0 0
2 29 38.916011 -107.104419 0.42 0.12 6 0 0 0 0 0 0 1 0 0 0 0 0 0 0 0 0 0 0
3 29 38.917175 -107.092622 0.42 0.15 5 0 0 0 0 0 0 1 0 0 0 0 0 0 0 0 0 0 0
4 29 38.918337 -107.080825 0.44 0.05 5 0 0 0 0 0 0 1 0 0 0 0 0 0 0 0 0 0 0
5 29 38.919498 -107.069028 0.52 0.09 5 0 0 0 1 0 0 0 0 0 0 0 0 0 0 0 0 0 0
6 29 38.920658 -107.057230 0.53 0.12 5 1 0 0 0 0 0 0 0 0 0 0 0 0 0 0 0 0 0
7 29 38.921816 -107.045431 0.52 0.12 5 0 0 0 1 0 0 0 0 0 0 0 0 0 0 0 0 0 0
8 29 38.922973 -107.033633 0.44 0.18 5 0 0 0 1 0 0 0 0 0 0 0 0 0 0 0 0 0 0
9 29 38.924129 -107.021833 0.47 0.13 4 1 0 0 0 0 0 0 0 0 0 0 0 0 0 0 0 0 0
10 29 38.925283 -107.010034 0.59 0.13 5 1 0 0 0 0 0 0 0 0 0 0 0 0 0 0 0 0 0
11 29 38.926436 -106.998233 0.66 0.11 5 0 0 0 0 0 0 1 0 0 0 0 0 0 0 0 0 0 0
12 29 38.927588 -106.986433 0.69 0.08 5 1 0 0 0 0 0 0 0 0 0 0 0 0 0 0 0 0 0
13 29 38.928738 -106.974632 0.69 0.08 5 1 0 0 0 0 0 0 0 0 0 0 0 0 0 0 0 0 0
14 29 38.929887 -106.962830 0.65 0.10 5 0 0 0 1 0 0 0 0 0 0 0 0 0 0 0 0 0 0
15 29 38.931035 -106.951028 0.66 0.15 5 0 0 0 0 0 0 1 0 0 0 0 0 0 0 0 0 0 0
16 29 38.932181 -106.939226 0.66 0.15 5 0 0 0 0 0 0 1 0 0 0 0 0 0 0 0 0 0 0
17 29 38.933326 -106.927423 0.56 0.17 5 0 0 0 0 0 0 1 0 0 0 0 0 0 0 0 0 0 0
18 29 38.934469 -106.915620 0.66 0.15 5 0 0 0 0 0 0 1 0 0 0 0 0 0 0 0 0 0 0
19 29 38.935612 -106.903816 0.66 0.13 5 0 0 0 0 0 0 1 0 0 0 0 0 0 0 0 0 0 0
20 29 38.936752 -106.892012 0.63 0.12 5 1 0 0 0 0 0 0 0 0 0 0 0 0 0 0 0 0 0
21 29 38.937892 -106.880208 0.39 0.24 5 0 0 0 1 0 0 0 0 0 0 0 0 0 0 0 0 0 0
22 29 38.939030 -106.868403 0.20 0.05 5 1 0 0 0 0 0 0 0 0 0 0 0 0 0 0 0 0 0
23 29 38.940167 -106.856597 0.43 0.18 5 0 0 0 1 0 0 0 0 0 0 0 0 0 0 0 0 0 0
24 29 38.941302 -106.844792 0.43 0.18 5 0 0 0 0 0 0 1 0 0 0 0 0 0 0 0 0 0 0
25 29 38.942436 -106.832985 0.19 0.05 5 1 0 0 0 0 0 0 0 0 0 0 0 0 0 0 0 0 0
26 29 38.943569 -106.821179 0.19 0.05 5 0 0 0 0 0 0 1 0 0 0 0 0 0 0 0 0 0 0
27 29 38.944700 -106.809372 0.20 0.05 5 1 0 0 0 0 0 0 0 0 0 0 0 0 0 0 0 0 0
28 29 38.945830 -106.797564 0.39 0.19 5 0 0 0 0 0 0 0 0 0 1 0 0 0 0 0 0 0 0
29 29 38.946959 -106.785756 0.26 0.21 5 0 0 0 0 0 0 1 0 0 0 0 0 0 0 0 0 0 0
30 29 38.948086 -106.773948 0.43 0.18 5 1 0 0 0 0 0 0 0 0 0 0 0 0 0 0 0 0 0
31 29 38.949212 -106.762139 0.43 0.18 5 0 0 0 0 0 0 0 0 0 0 0 0 0 0 0 1 0 0
32 29 38.950337 -106.750330 0.15 0.04 5 0 0 0 0 0 0 0 0 0 0 0 0 0 0 0 1 0 0
1 30 38.924024 -107.117714 0.43 0.11 6 0 0 0 0 0 0 1 0 0 0 0 0 0 0 0 0 0 0
2 30 38.925190 -107.105916 0.42 0.03 5 0 0 0 0 0 0 1 0 0 0 0 0 0 0 0 0 0 0
3 30 38.926353 -107.094118 0.46 0.14 5 1 0 0 0 0 0 0 0 0 0 0 0 0 0 0 0 0 0
4 30 38.927516 -107.082319 0.49 0.15 5 0 0 0 0 0 0 1 0 0 0 0 0 0 0 0 0 0 0
5 30 38.928677 -107.070520 0.51 0.13 5 0 0 0 0 0 0 1 0 0 0 0 0 0 0 0 0 0 0
6 30 38.929837 -107.058720 0.55 0.10 5 0 0 0 0 0 0 1 0 0 0 0 0 0 0 0 0 0 0
7 30 38.930996 -107.046920 0.49 0.15 5 0 0 0 1 0 0 0 0 0 0 0 0 0 0 0 0 0 0
8 30 38.932153 -107.035119 0.51 0.13 5 0 0 0 1 0 0 0 0 0 0 0 0 0 0 0 0 0 0
9 30 38.933309 -107.023318 0.47 0.16 5 1 0 0 0 0 0 0 0 0 0 0 0 0 0 0 0 0 0
10 30 38.934463 -107.011517 0.58 0.10 5 0 0 0 1 0 0 0 0 0 0 0 0 0 0 0 0 0 0
11 30 38.935617 -106.999715 0.68 0.09 5 1 0 0 0 0 0 0 0 0 0 0 0 0 0 0 0 0 0
12 30 38.936768 -106.987912 0.69 0.08 5 1 0 0 0 0 0 0 0 0 0 0 0 0 0 0 0 0 0
13 30 38.937919 -106.976110 0.59 0.11 5 0 0 0 1 0 0 0 0 0 0 0 0 0 0 0 0 0 0
14 30 38.939068 -106.964307 0.64 0.15 5 0 0 0 0 0 0 1 0 0 0 0 0 0 0 0 0 0 0
15 30 38.940216 -106.952503 0.66 0.14 5 0 0 0 0 0 0 1 0 0 0 0 0 0 0 0 0 0 0
16 30 38.941362 -106.940699 0.66 0.14 5 0 0 0 1 0 0 0 0 0 0 0 0 0 0 0 0 0 0
17 30 38.942507 -106.928894 0.64 0.15 5 0 0 0 0 0 0 1 0 0 0 0 0 0 0 0 0 0 0
18 30 38.943651 -106.917089 0.66 0.13 5 0 0 0 0 0 0 1 0 0 0 0 0 0 0 0 0 0 0
19 30 38.944793 -106.905284 0.66 0.12 5 0 0 0 0 0 0 1 0 0 0 0 0 0 0 0 0 0 0
20 30 38.945934 -106.893478 0.66 0.12 5 1 0 0 0 0 0 0 0 0 0 0 0 0 0 0 0 0 0
21 30 38.947074 -106.881672 0.43 0.22 5 0 0 0 0 0 0 1 0 0 0 0 0 0 0 0 0 0 0
22 30 38.948212 -106.869865 0.20 0.05 5 0 0 0 0 0 0 1 0 0 0 0 0 0 0 0 0 0 0
23 30 38.949349 -106.858058 0.43 0.18 5 1 0 0 0 0 0 0 0 0 0 0 0 0 0 0 0 0 0
24 30 38.950485 -106.846251 0.19 0.05 5 0 0 0 0 0 0 1 0 0 0 0 0 0 0 0 0 0 0
25 30 38.951619 -106.834443 0.19 0.05 5 0 0 0 0 0 0 1 0 0 0 0 0 0 0 0 0 0 0
26 30 38.952752 -106.822634 0.20 0.05 5 0 0 0 0 0 0 1 0 0 0 0 0 0 0 0 0 0 0
27 30 38.953884 -106.810826 0.20 0.05 5 1 0 0 0 0 0 0 0 0 0 0 0 0 0 0 0 0 0
28 30 38.955014 -106.799016 0.26 0.20 5 0 0 0 0 0 0 1 0 0 0 0 0 0 0 0 0 0 0
29 30 38.956143 -106.787207 0.26 0.21 5 0 0 0 0 0 0 1 0 0 0 0 0 0 0 0 0 0 0
30 30 38.957270 -106.775397 0.43 0.18 5 0 0 0 0 0 0 1 0 0 0 0 0 0 0 0 0 0 0
31 30 38.958396 -106.763586 0.43 0.18 5 0 0 0 0 0 0 1 0 0 0 0 0 0 0 0 0 0 0
32 30 38.959521 -106.751775 0.15 0.04 5 0 0 0 0 0 0 1 0 0 0 0 0 0 0 0 0 0 0
1 31 38.933203 -107.119213 0.43 0.09 5 0 0 0 0 0 0 1 0 0 0 0 0 0 0 0 0 0 0
2 31 38.934368 -107.107413 0.42 0.04 5 0 0 0 0 0 0 1 0 0 0 0 0 0 0 0 0 0 0
3 31 38.935532 -107.095613 0.52 0.12 6 0 0 0 0 0 0 1 0 0 0 0 0 0 0 0 0 0 0
4 31 38.936695 -107.083813 0.53 0.11 5 0 0 0 0 0 0 1 0 0 0 0 0 0 0 0 0 0 0
5 31 38.937857 -107.072012 0.52 0.12 6 0 0 0 0 0 0 1 0 0 0 0 0 0 0 0 0 0 0
6 31 38.939017 -107.060210 0.52 0.11 5 0 0 0 0 0 0 1 0 0 0 0 0 0 0 0 0 0 0
7 31 38.940175 -107.048408 0.47 0.16 5 0 0 0 1 0 0 0 0 0 0 0 0 0 0 0 0 0 0
8 31 38.941333 -107.036606 0.42 0.20 5 0 0 0 0 0 0 1 0 0 0 0 0 0 0 0 0 0 0
9 31 38.942489 -107.024803 0.24 0.25 5 1 0 0 0 0 0 0 0 0 0 0 0 0 0 0 0 0 0
10 31 38.943644 -107.013000 0.62 0.15 5 0 0 0 0 0 0 1 0 0 0 0 0 0 0 0 0 0 0
11 31 38.944797 -107.001197 0.66 0.15 5 0 0 0 0 0 0 1 0 0 0 0 0 0 0 0 0 0 0
12 31 38.945949 -106.989393 0.57 0.12 5 0 0 0 1 0 0 0 0 0 0 0 0 0 0 0 0 0 0
13 31 38.947100 -106.977588 0.35 0.21 5 0 0 0 0 0 0 1 0 0 0 0 0 0 0 0 0 0 0
14 31 38.948249 -106.965783 0.66 0.15 5 0 0 0 0 0 0 1 0 0 0 0 0 0 0 0 0 0 0
15 31 38.949397 -106.953978 0.66 0.15 5 0 0 0 1 0 0 0 0 0 0 0 0 0 0 0 0 0 0
16 31 38.950544 -106.942172 0.66 0.15 5 0 0 0 0 0 0 1 0 0 0 0 0 0 0 0 0 0 0
17 31 38.951689 -106.930366 0.60 0.17 5 0 0 0 0 0 0 1 0 0 0 0 0 0 0 0 0 0 0
18 31 38.952833 -106.918559 0.66 0.12 5 0 0 0 0 0 0 1 0 0 0 0 0 0 0 0 0 0 0
19 31 38.953975 -106.906752 0.57 0.13 5 0 0 0 0 0 0 1 0 0 0 0 0 0 0 0 0 0 0
20 31 38.955116 -106.894945 0.19 0.05 5 0 0 0 0 0 0 1 0 0 0 0 0 0 0 0 0 0 0
21 31 38.956256 -106.883137 0.65 0.12 5 0 0 0 0 0 0 1 0 0 0 0 0 0 0 0 0 0 0
22 31 38.957395 -106.871328 0.66 0.12 5 0 0 0 0 0 0 1 0 0 0 0 0 0 0 0 0 0 0
23 31 38.958532 -106.859520 0.43 0.18 5 0 0 0 0 0 0 1 0 0 0 0 0 0 0 0 0 0 0
24 31 38.959668 -106.847710 0.43 0.18 5 1 0 0 0 0 0 0 0 0 0 0 0 0 0 0 0 0 0
25 31 38.960802 -106.835901 0.19 0.05 5 1 0 0 0 0 0 0 0 0 0 0 0 0 0 0 0 0 0
26 31 38.961935 -106.824091 0.44 0.16 5 0 0 0 0 0 0 1 0 0 0 0 0 0 0 0 0 0 0
27 31 38.963067 -106.812280 0.19 0.05 5 0 0 0 0 0 0 1 0 0 0 0 0 0 0 0 0 0 0
28 31 38.964197 -106.800469 0.14 0.04 5 0 0 0 0 0 0 0 0 0 1 0 0 0 0 0 0 0 0
29 31 38.965326 -106.788658 0.59 0.11 5 0 0 0 0 0 0 1 0 0 0 0 0 0 0 0 0 0 0
30 31 38.966454 -106.776846 0.43 0.18 5 0 0 0 0 0 0 1 0 0 0 0 0 0 0 0 0 0 0
31 31 38.967580 -106.765034 0.31 0.20 5 0 0 0 0 0 0 1 0 0 0 0 0 0 0 0 0 0 0
32 31 38.968705 -106.753221 0.44 0.16 5 0 0 0 0 0 0 1 0 0 0 0 0 0 0 0 0 0 0
1 32 38.942381 -107.120712 0.43 0.11 5 0 0 0 0 0 0 1 0 0 0 0 0 0 0 0 0 0 0
2 32 38.943547 -107.108911 0.43 0.06 5 0 0 0 0 0 0 1 0 0 0 0 0 0 0 0 0 0 0
3 32 38.944711 -107.097109 0.51 0.12 6 0 0 0 0 0 0 1 0 0 0 0 0 0 0 0 0 0 0
4 32 38.945874 -107.085307 0.49 0.07 5 1 0 0 0 0 0 0 0 0 0 0 0 0 0 0 0 0 0
5 32 38.947036 -107.073504 0.42 0.16 5 1 0 0 0 0 0 0 0 0 0 0 0 0 0 0 0 0 0
6 32 38.948196 -107.061701 0.49 0.12 5 1 0 0 0 0 0 0 0 0 0 0 0 0 0 0 0 0 0
7 32 38.949355 -107.049898 0.47 0.16 6 0 0 0 1 0 0 0 0 0 0 0 0 0 0 0 0 0 0
8 32 38.950513 -107.038094 0.41 0.22 5 1 0 0 0 0 0 0 0 0 0 0 0 0 0 0 0 0 0
9 32 38.951669 -107.026289 0.29 0.23 5 1 0 0 0 0 0 0 0 0 0 0 0 0 0 0 0 0 0
10 32 38.952824 -107.014484 0.69 0.08 5 0 0 0 0 0 0 1 0 0 0 0 0 0 0 0 0 0 0
11 32 38.953977 -107.002679 0.68 0.09 5 0 0 0 0 0 0 1 0 0 0 0 0 0 0 0 0 0 0
12 32 38.955130 -106.990873 0.30 0.22 5 0 0 0 1 0 0 0 0 0 0 0 0 0 0 0 0 0 0
13 32 38.956281 -106.979067 0.55 0.15 5 0 0 0 1 0 0 0 0 0 0 0 0 0 0 0 0 0 0
14 32 38.957430 -106.967260 0.69 0.08 5 1 0 0 0 0 0 0 0 0 0 0 0 0 0 0 0 0 0
15 32 38.958578 -106.955453 0.69 0.08 5 0 0 0 0 0 0 1 0 0 0 0 0 0 0 0 0 0 0
16 32 38.959725 -106.943646 0.57 0.18 5 0 0 0 0 0 0 1 0 0 0 0 0 0 0 0 0 0 0
17 32 38.960870 -106.931838 0.39 0.24 5 0 0 0 0 0 0 1 0 0 0 0 0 0 0 0 0 0 0
18 32 38.962015 -106.920030 0.52 0.14 5 0 0 0 0 0 0 1 0 0 0 0 0 0 0 0 0 0 0
19 32 38.963157 -106.908221 0.52 0.14 5 0 0 0 0 0 0 1 0 0 0 0 0 0 0 0 0 0 0
20 32 38.964299 -106.896412 0.52 0.14 5 0 0 0 0 0 0 1 0 0 0 0 0 0 0 0 0 0 0
21 32 38.965439 -106.884602 0.18 0.05 5 0 0 0 0 0 0 0 0 0 0 0 0 0 0 0 1 0 0
22 32 38.966577 -106.872792 0.18 0.05 5 0 0 0 0 0 0 1 0 0 0 0 0 0 0 0 0 0 0
23 32 38.967715 -106.860981 0.19 0.05 5 0 0 0 0 0 0 1 0 0 0 0 0 0 0 0 0 0 0
24 32 38.968851 -106.849170 0.18 0.05 5 0 0 0 0 0 0 1 0 0 0 0 0 0 0 0 0 0 0
25 32 38.969985 -106.837359 0.39 0.24 5 0 0 0 0 0 0 1 0 0 0 0 0 0 0 0 0 0 0
26 32 38.971119 -106.825547 0.44 0.16 5 0 0 0 0 0 0 0 0 0 1 0 0 0 0 0 0 0 0
27 32 38.972250 -106.813735 0.44 0.16 5 0 0 0 0 0 0 1 0 0 0 0 0 0 0 0 0 0 0
28 32 38.973381 -106.801922 0.44 0.16 5 0 0 0 0 0 0 0 0 0 0 0 0 0 0 0 1 0 0
29 32 38.974510 -106.790109 0.44 0.16 5 0 0 0 0 0 0 1 0 0 0 0 0 0 0 0 0 0 0
30 32 38.975638 -106.778296 0.44 0.16 5 1 0 0 0 0 0 0 0 0 0 0 0 0 0 0 0 0 0
31 32 38.976765 -106.766482 0.27 0.18 5 1 0 0 0 0 0 0 0 0 0 0 0 0 0 0 0 0 0
32 32 38.977890 -106.754667 0.27 0.18 5 0 0 0 0 0 0 1 0 0 0 0 0 0 0 0 0 0 0
1 33 38.951560 -107.122212 0.43 0.10 5 0 0 0 0 0 0 1 0 0 0 0 0 0 0 0 0 0 0
2 33 38.952726 -107.110409 0.43 0.06 5 0 0 0 0 0 0 1 0 0 0 0 0 0 0 0 0 0 0
3 33 38.953890 -107.098606 0.41 0.18 6 0 0 0 0 0 0 1 0 0 0 0 0 0 0 0 0 0 0
4 33 38.955054 -107.086802 0.47 0.14 5 0 0 0 0 0 0 1 0 0 0 0 0 0 0 0 0 0 0
5 33 38.956215 -107.074997 0.53 0.12 5 0 0 0 1 0 0 0 0 0 0 0 0 0 0 0 0 0 0
6 33 38.957376 -107.063192 0.49 0.13 5 0 0 0 0 0 0 1 0 0 0 0 0 0 0 0 0 0 0
7 33 38.958535 -107.051387 0.50 0.14 5 0 0 0 1 0 0 0 0 0 0 0 0 0 0 0 0 0 0
8 33 38.959693 -107.039581 0.36 0.20 5 1 0 0 0 0 0 0 0 0 0 0 0 0 0 0 0 0 0
9 33 38.960849 -107.027775 0.50 0.18 5 0 0 0 0 0 0 1 0 0 0 0 0 0 0 0 0 0 0
10 33 38.962004 -107.015969 0.43 0.10 5 1 0 0 0 0 0 0 0 0 0 0 0 0 0 0 0 0 0
11 33 38.963158 -107.004162 0.43 0.10 5 0 0 0 0 0 0 1 0 0 0 0 0 0 0 0 0 0 0
12 33 38.964311 -106.992354 0.23 0.26 5 0 0 0 1 0 0 0 0 0 0 0 0 0 0 0 0 0 0
13 33 38.965462 -106.980546 0.64 0.11 5 0 0 0 1 0 0 0 0 0 0 0 0 0 0 0 0 0 0
14 33 38.966611 -106.968738 0.24 0.29 5 0 0 0 0 0 0 1 0 0 0 0 0 0 0 0 0 0 0
15 33 38.967760 -106.956929 0.47 0.18 5 1 0 0 0 0 0 0 0 0 0 0 0 0 0 0 0 0 0
16 33 38.968907 -106.945120 0.47 0.18 5 0 0 0 0 0 0 1 0 0 0 0 0 0 0 0 0 0 0
17 33 38.970052 -106.933310 0.47 0.18 5 0 0 0 0 0 0 1 0 0 0 0 0 0 0 0 0 0 0
18 33 38.971196 -106.921500 0.61 0.13 5 0 0 0 0 0 0 1 0 0 0 0 0 0 0 0 0 0 0
19 33 38.972339 -106.909690 0.52 0.14 5 0 0 0 0 0 0 0 0 0 0 0 0 0 0 0 1 0 0
20 33 38.973481 -106.897879 0.52 0.14 5 0 0 0 0 0 0 0 0 0 0 0 0 0 0 0 1 0 0
21 33 38.974621 -106.886068 0.52 0.14 5 0 0 0 0 0 0 1 0 0 0 0 0 0 0 0 0 0 0
22 33 38.975760 -106.874256 0.18 0.04 5 0 0 0 0 0 0 1 0 0 0 0 0 0 0 0 0 0 0
23 33 38.976898 -106.862443 0.19 0.05 5 0 0 0 0 0 0 1 0 0 0 0 0 0 0 0 0 0 0
24 33 38.978034 -106.850631 0.18 0.05 5 1 0 0 0 0 0 0 0 0 0 0 0 0 0 0 0 0 0
25 33 38.979169 -106.838818 0.39 0.24 5 0 0 0 0 0 0 1 0 0 0 0 0 0 0 0 0 0 0
26 33 38.980302 -106.827004 0.21 0.05 4 0 0 0 0 0 0 0 0 0 0 0 0 0 0 0 1 0 0
27 33 38.981434 -106.815190 0.44 0.16 4 0 0 0 0 0 0 0 0 0 0 0 0 0 0 0 1 0 0
28 33 38.982565 -106.803376 0.64 0.13 5 0 0 0 0 0 0 0 0 0 0 0 0 0 0 0 1 0 0
29 33 38.983694 -106.791561 0.44 0.16 5 0 0 0 0 0 0 0 0 0 0 0 0 0 0 0 1 0 0
30 33 38.984822 -106.779746 0.44 0.16 5 0 0 0 0 0 0 0 0 0 0 0 0 0 0 0 1 0 0
31 33 38.985949 -106.767930 0.44 0.16 5 1 0 0 0 0 0 0 0 0 0 0 0 0 0 0 0 0 0
32 33 38.987074 -106.756114 0.25 0.04 5 1 0 0 0 0 0 0 0 0 0 0 0 0 0 0 0 0 0
1 34 38.960739 -107.123712 0.43 0.10 5 1 0 0 0 0 0 0 0 0 0 0 0 0 0 0 0 0 0
2 34 38.961905 -107.111908 0.43 0.01 5 0 0 0 0 0 0 0 0 0 0 0 0 0 0 0 1 0 0
3 34 38.963070 -107.100102 0.42 0.14 6 0 0 0 0 0 0 1 0 0 0 0 0 0 0 0 0 0 0
4 34 38.964233 -107.088297 0.43 0.10 5 0 0 0 0 0 0 1 0 0 0 0 0 0 0 0 0 0 0
5 34 38.965395 -107.076491 0.46 0.13 5 0 0 0 0 0 0 1 0 0 0 0 0 0 0 0 0 0 0
6 34 38.966556 -107.064684 0.47 0.13 5 0 0 0 0 0 0 1 0 0 0 0 0 0 0 0 0 0 0
7 34 38.967715 -107.052877 0.49 0.15 4 0 0 0 0 0 0 1 0 0 0 0 0 0 0 0 0 0 0
8 34 38.968873 -107.041070 0.34 0.22 5 0 0 0 0 0 0 1 0 0 0 0 0 0 0 0 0 0 0
9 34 38.970030 -107.029262 0.25 0.23 5 0 0 0 0 0 0 1 0 0 0 0 0 0 0 0 0 0 0
10 34 38.971185 -107.017454 0.16 0.05 5 1 0 0 0 0 0 0 0 0 0 0 0 0 0 0 0 0 0
11 34 38.972339 -107.005645 0.22 0.24 5 1 0 0 0 0 0 0 0 0 0 0 0 0 0 0 0 0 0
12 34 38.973492 -106.993836 0.31 0.25 5 1 0 0 0 0 0 0 0 0 0 0 0 0 0 0 0 0 0
13 34 38.974643 -106.982026 0.65 0.15 5 1 0 0 0 0 0 0 0 0 0 0 0 0 0 0 0 0 0
14 34 38.975793 -106.970216 0.63 0.15 5 0 0 0 0 0 0 1 0 0 0 0 0 0 0 0 0 0 0
15 34 38.976941 -106.958406 0.51 0.17 5 0 0 0 0 0 0 1 0 0 0 0 0 0 0 0 0 0 0
16 34 38.978088 -106.946595 0.16 0.05 5 1 0 0 0 0 0 0 0 0 0 0 0 0 0 0 0 0 0
17 34 38.979234 -106.934783 0.47 0.18 5 0 0 0 0 0 0 0 0 0 0 0 0 0 0 0 1 0 0
18 34 38.980379 -106.922971 0.64 0.13 5 0 0 0 0 0 0 0 0 0 0 0 0 0 0 0 1 0 0
19 34 38.981522 -106.911159 0.61 0.13 5 0 0 0 0 0 0 0 0 0 0 0 0 0 0 0 1 0 0
20 34 38.982663 -106.899347 0.61 0.13 5 0 0 0 0 0 0 0 0 0 1 0 0 0 0 0 0 0 0
21 34 38.983804 -106.887534 0.58 0.13 5 0 0 0 0 0 0 1 0 0 0 0 0 0 0 0 0 0 0
22 34 38.984943 -106.875720 0.17 0.04 5 0 0 0 0 0 0 1 0 0 0 0 0 0 0 0 0 0 0
23 34 38.986081 -106.863906 0.52 0.14 5 0 0 0 0 0 0 1 0 0 0 0 0 0 0 0 0 0 0
24 34 38.987217 -106.852092 0.26 0.21 5 0 0 0 0 0 0 1 0 0 0 0 0 0 0 0 0 0 0
25 34 38.988352 -106.840277 0.63 0.13 5 0 0 0 0 0 0 1 0 0 0 0 0 0 0 0 0 0 0
26 34 38.989486 -106.828462 0.64 0.13 4 0 0 0 0 0 0 1 0 0 0 0 0 0 0 0 0 0 0
27 34 38.990618 -106.816646 0.20 0.20 4 0 0 0 0 0 0 0 0 0 0 0 0 0 0 0 1 0 0
28 34 38.991749 -106.804830 0.64 0.13 4 0 0 0 0 0 0 0 0 0 0 0 0 0 0 0 1 0 0
29 34 38.992879 -106.793013 0.64 0.13 4 0 0 0 0 0 0 0 0 0 0 0 0 0 0 0 1 0 0
30 34 38.994007 -106.781196 0.22 0.05 5 0 0 0 0 0 0 0 0 0 0 0 0 0 0 0 1 0 0
31 34 38.995134 -106.769379 0.44 0.16 5 0 0 0 0 0 0 1 0 0 0 0 0 0 0 0 0 0 0
32 34 38.996259 -106.757561 0.65 0.12 5 0 0 0 0 0 0 1 0 0 0 0 0 0 0 0 0 0 0
1 35 38.969918 -107.125213 0.43 0.12 5 0 0 0 1 0 0 0 0 0 0 0 0 0 0 0 0 0 0
2 35 38.971084 -107.113407 0.43 0.08 5 0 0 0 0 0 0 1 0 0 0 0 0 0 0 0 0 0 0
3 35 38.972249 -107.101600 0.42 0.14 5 0 0 0 0 0 0 0 0 0 0 0 0 0 0 0 1 0 0
4 35 38.973413 -107.089792 0.42 0.14 5 0 0 0 0 0 0 1 0 0 0 0 0 0 0 0 0 0 0
5 35 38.974575 -107.077985 0.43 0.13 6 0 0 0 0 0 0 1 0 0 0 0 0 0 0 0 0 0 0
6 35 38.975736 -107.066176 0.49 0.13 6 0 0 0 1 0 0 0 0 0 0 0 0 0 0 0 0 0 0
7 35 38.976895 -107.054368 0.40 0.23 5 0 0 0 0 0 0 1 0 0 0 0 0 0 0 0 0 0 0
8 35 38.978053 -107.042558 0.38 0.25 5 0 0 0 0 0 0 1 0 0 0 0 0 0 0 0 0 0 0
9 35 38.979210 -107.030749 0.24 0.24 5 0 0 0 0 0 0 1 0 0 0 0 0 0 0 0 0 0 0
10 35 38.980366 -107.018939 0.22 0.24 5 1 0 0 0 0 0 0 0 0 0 0 0 0 0 0 0 0 0
11 35 38.981520 -107.007128 0.22 0.24 5 1 0 0 0 0 0 0 0 0 0 0 0 0 0 0 0 0 0
12 35 38.982673 -106.995318 0.45 0.21 5 1 0 0 0 0 0 0 0 0 0 0 0 0 0 0 0 0 0
13 35 38.983824 -106.983506 0.50 0.20 5 1 0 0 0 0 0 0 0 0 0 0 0 0 0 0 0 0 0
14 35 38.984974 -106.971694 0.42 0.21 5 0 0 0 0 0 0 1 0 0 0 0 0 0 0 0 0 0 0
15 35 38.986123 -106.959882 0.37 0.23 5 0 0 0 0 0 0 1 0 0 0 0 0 0 0 0 0 0 0
16 35 38.987270 -106.948070 0.66 0.12 5 0 0 0 0 0 0 1 0 0 0 0 0 0 0 0 0 0 0
17 35 38.988416 -106.936257 0.22 0.05 5 0 0 0 0 0 0 0 0 0 0 0 0 0 0 0 1 0 0
18 35 38.989561 -106.924443 0.64 0.13 5 0 0 0 0 0 0 0 0 0 0 0 0 0 0 0 1 0 0
19 35 38.990704 -106.912629 0.64 0.13 5 0 0 0 0 0 0 1 0 0 0 0 0 0 0 0 0 0 0
20 35 38.991846 -106.900815 0.64 0.13 5 0 0 0 0 0 0 0 0 0 0 0 0 0 0 0 1 0 0
21 35 38.992987 -106.889000 0.63 0.13 5 0 0 0 0 0 0 1 0 0 0 0 0 0 0 0 0 0 0
22 35 38.994126 -106.877185 0.40 0.15 5 0 0 0 0 0 0 1 0 0 0 0 0 0 0 0 0 0 0
23 35 38.995264 -106.865369 0.63 0.13 5 0 0 0 0 0 0 1 0 0 0 0 0 0 0 0 0 0 0
24 35 38.996400 -106.853553 0.26 0.21 5 0 0 0 0 0 0 1 0 0 0 0 0 0 0 0 0 0 0
25 35 38.997536 -106.841736 0.32 0.16 4 0 0 0 0 0 0 1 0 0 0 0 0 0 0 0 0 0 0
26 35 38.998669 -106.829919 0.31 0.17 4 0 0 0 0 0 0 1 0 0 0 0 0 0 0 0 0 0 0
27 35 38.999802 -106.818102 0.31 0.17 4 0 0 0 0 0 0 0 0 0 0 0 0 0 0 0 1 0 0
28 35 39.000933 -106.806284 0.22 0.15 4 1 0 0 0 0 0 0 0 0 0 0 0 0 0 0 0 0 0
29 35 39.002063 -106.794466 0.24 0.15 4 1 0 0 0 0 0 0 0 0 0 0 0 0 0 0 0 0 0
30 35 39.003191 -106.782647 0.33 0.15 4 0 0 0 0 0 0 0 0 0 0 0 0 0 0 0 1 0 0
31 35 39.004318 -106.770828 0.40 0.15 5 0 0 0 0 0 0 1 0 0 0 0 0 0 0 0 0 0 0
32 35 39.005444 -106.759009 0.44 0.16 5 0 0 0 0 0 0 1 0 0 0 0 0 0 0 0 0 0 0
1 36 38.979097 -107.126714 0.43 0.04 6 0 0 0 0 0 0 1 0 0 0 0 0 0 0 0 0 0 0
2 36 38.980263 -107.114906 0.43 0.07 6 0 0 0 0 0 0 1 0 0 0 0 0 0 0 0 0 0 0
3 36 38.981429 -107.103097 0.41 0.05 6 0 0 0 0 0 0 0 0 0 0 0 0 0 0 0 1 0 0
4 36 38.982592 -107.091288 0.41 0.11 6 0 0 0 0 0 0 1 0 0 0 0 0 0 0 0 0 0 0
5 36 38.983755 -107.079479 0.47 0.09 5 0 0 0 0 0 0 1 0 0 0 0 0 0 0 0 0 0 0
6 36 38.984916 -107.067669 0.51 0.12 5 0 0 0 0 0 0 1 0 0 0 0 0 0 0 0 0 0 0
7 36 38.986076 -107.055858 0.42 0.13 5 0 0 0 0 0 0 1 0 0 0 0 0 0 0 0 0 0 0
8 36 38.987234 -107.044048 0.34 0.03 5 0 0 0 0 0 0 0 0 0 0 0 0 0 0 0 1 0 0
9 36 38.988391 -107.032236 0.22 0.24 5 0 0 0 0 0 0 1 0 0 0 0 0 0 0 0 0 0 0
10 36 38.989547 -107.020425 0.22 0.24 5 1 0 0 0 0 0 0 0 0 0 0 0 0 0 0 0 0 0
11 36 38.990701 -107.008612 0.20 0.27 5 1 0 0 0 0 0 0 0 0 0 0 0 0 0 0 0 0 0
12 36 38.991854 -106.996800 0.21 0.31 5 1 0 0 0 0 0 0 0 0 0 0 0 0 0 0 0 0 0
13 36 38.993006 -106.984987 0.66 0.12 5 1 0 0 0 0 0 0 0 0 0 0 0 0 0 0 0 0 0
14 36 38.994156 -106.973173 0.21 0.05 5 0 0 0 0 0 0 0 0 0 0 0 0 0 0 0 1 0 0
15 36 38.995305 -106.961359 0.64 0.13 5 0 0 0 0 0 0 0 0 0 0 0 0 0 0 0 1 0 0
16 36 38.996452 -106.949545 0.60 0.14 5 0 0 0 0 0 0 1 0 0 0 0 0 0 0 0 0 0 0
17 36 38.997598 -106.937730 0.16 0.05 5 1 0 0 0 0 0 0 0 0 0 0 0 0 0 0 0 0 0
18 36 38.998743 -106.925915 0.44 0.16 5 0 0 0 0 0 0 1 0 0 0 0 0 0 0 0 0 0 0
19 36 38.999887 -106.914099 0.44 0.16 5 0 0 0 0 0 0 0 0 0 0 0 0 0 0 0 1 0 0
20 36 39.001029 -106.902283 0.40 0.15 4 0 0 0 0 0 0 1 0 0 0 0 0 0 0 0 0 0 0
21 36 39.002170 -106.890467 0.29 0.18 4 0 0 0 0 0 0 0 0 0 1 0 0 0 0 0 0 0 0
22 36 39.003309 -106.878650 0.32 0.17 5 0 0 0 0 0 0 0 0 0 0 0 0 0 0 0 1 0 0
23 36 39.004447 -106.866833 0.64 0.13 4 0 0 0 0 0 0 0 0 0 0 0 0 0 0 0 1 0 0
24 36 39.005584 -106.855015 0.26 0.21 5 0 0 0 0 0 0 1 0 0 0 0 0 0 0 0 0 0 0
25 36 39.006719 -106.843196 0.40 0.14 4 0 0 0 0 0 0 1 0 0 0 0 0 0 0 0 0 0 0
26 36 39.007853 -106.831378 0.23 0.15 4 0 0 0 0 0 0 1 0 0 0 0 0 0 0 0 0 0 0
27 36 39.008986 -106.819559 0.20 0.15 4 1 0 0 0 0 0 0 0 0 0 0 0 0 0 0 0 0 0
28 36 39.010117 -106.807739 0.23 0.15 4 1 0 0 0 0 0 0 0 0 0 0 0 0 0 0 0 0 0
29 36 39.011247 -106.795919 0.35 0.14 4 1 0 0 0 0 0 0 0 0 0 0 0 0 0 0 0 0 0
30 36 39.012376 -106.784099 0.37 0.15 4 0 0 0 0 0 0 1 0 0 0 0 0 0 0 0 0 0 0
31 36 39.013503 -106.772278 0.37 0.16 5 0 0 0 0 0 0 1 0 0 0 0 0 0 0 0 0 0 0
32 36 39.014629 -106.760457 0.43 0.15 5 0 0 0 0 0 0 1 0 0 0 0 0 0 0 0 0 0 0
1 37 38.988276 -107.128216 0.15 0.26 6 0 0 0 0 0 0 0 0 0 0 0 0 0 0 0 1 0 0
2 37 38.989443 -107.116406 0.15 0.26 6 0 0 0 0 0 0 0 0 0 0 0 0 0 0 0 1 0 0
3 37 38.990608 -107.104596 0.41 0.00 6 0 0 0 0 0 0 0 0 0 0 0 0 0 0 0 1 0 0
4 37 38.991772 -107.092785 0.41 0.10 6 0 0 0 0 0 0 0 0 0 0 0 0 0 0 0 1 0 0
5 37 38.992935 -107.080974 0.43 0.18 5 0 0 0 0 0 0 1 0 0 0 0 0 0 0 0 0 0 0
6 37 38.994096 -107.069162 0.45 0.10 5 0 0 0 0 0 0 1 0 0 0 0 0 0 0 0 0 0 0
7 37 38.995256 -107.057350 0.40 0.15 5 0 0 0 0 0 0 1 0 0 0 0 0 0 0 0 0 0 0
8 37 38.996415 -107.045537 0.40 0.15 5 0 0 0 0 0 0 0 0 0 0 0 0 0 0 0 1 0 0
9 37 38.997572 -107.033724 0.22 0.24 5 0 0 0 0 0 0 1 0 0 0 0 0 0 0 0 0 0 0
10 37 38.998728 -107.021911 0.22 0.24 5 0 0 0 1 0 0 0 0 0 0 0 0 0 0 0 0 0 0
11 37 38.999882 -107.010097 0.22 0.24 5 0 0 0 0 0 0 1 0 0 0 0 0 0 0 0 0 0 0
12 37 39.001035 -106.998283 0.46 0.15 5 1 0 0 0 0 0 0 0 0 0 0 0 0 0 0 0 0 0
13 37 39.002187 -106.986468 0.19 0.29 5 1 0 0 0 0 0 0 0 0 0 0 0 0 0 0 0 0 0
14 37 39.003338 -106.974653 0.22 0.05 5 0 0 0 0 0 0 1 0 0 0 0 0 0 0 0 0 0 0
15 37 39.004487 -106.962837 0.64 0.13 5 0 0 0 0 0 0 0 0 0 0 0 0 0 0 0 1 0 0
16 37 39.005634 -106.951021 0.64 0.13 5 0 0 0 0 0 0 0 0 0 0 0 0 0 0 0 1 0 0
17 37 39.006781 -106.939205 0.22 0.05 5 0 0 0 0 0 0 1 0 0 0 0 0 0 0 0 0 0 0
18 37 39.007926 -106.927388 0.43 0.16 5 0 0 0 0 0 0 1 0 0 0 0 0 0 0 0 0 0 0
19 37 39.009070 -106.915570 0.32 0.17 5 0 0 0 0 0 0 1 0 0 0 0 0 0 0 0 0 0 0
20 37 39.010212 -106.903752 0.36 0.16 4 0 0 0 0 0 0 1 0 0 0 0 0 0 0 0 0 0 0
21 37 39.011353 -106.891934 0.29 0.18 4 0 0 0 0 0 0 1 0 0 0 0 0 0 0 0 0 0 0
22 37 39.012492 -106.880115 0.63 0.13 4 0 0 0 0 0 0 0 0 0 0 0 0 0 0 0 1 0 0
23 37 39.013631 -106.868296 0.64 0.13 4 0 0 0 0 0 0 0 0 0 0 0 0 0 0 0 1 0 0
24 37 39.014768 -106.856477 0.64 0.13 4 0 0 0 0 0 0 0 0 0 0 0 0 0 0 0 1 0 0
25 37 39.015903 -106.844657 0.40 0.13 4 0 0 0 0 0 0 0 0 0 0 0 0 0 0 0 1 0 0
26 37 39.017037 -106.832836 0.30 0.15 4 0 0 0 0 0 0 1 0 0 0 0 0 0 0 0 0 0 0
27 37 39.018170 -106.821016 0.27 0.15 4 0 0 0 0 0 0 1 0 0 0 0 0 0 0 0 0 0 0
28 37 39.019302 -106.809194 0.20 0.15 4 0 0 0 1 0 0 0 0 0 0 0 0 0 0 0 0 0 0
29 37 39.020432 -106.797373 0.37 0.13 4 1 0 0 0 0 0 0 0 0 0 0 0 0 0 0 0 0 0
30 37 39.021561 -106.785551 0.38 0.14 4 1 0 0 0 0 0 0 0 0 0 0 0 0 0 0 0 0 0
31 37 39.022688 -106.773728 0.35 0.14 4 1 0 0 0 0 0 0 0 0 0 0 0 0 0 0 0 0 0
32 37 39.023814 -106.761905 0.41 0.14 5 0 0 0 0 0 0 1 0 0 0 0 0 0 0 0 0 0 0
1 38 38.997456 -107.129718 0.16 0.26 6 0 0 0 0 0 0 1 0 0 0 0 0 0 0 0 0 0 0
2 38 38.998623 -107.117906 0.16 0.26 6 0 0 0 0 0 0 0 0 0 0 0 0 0 0 0 1 0 0
3 38 38.999788 -107.106094 0.16 0.26 6 0 0 0 0 0 0 1 0 0 0 0 0 0 0 0 0 0 0
4 38 39.000952 -107.094282 0.45 0.10 5 0 0 0 0 0 0 1 0 0 0 0 0 0 0 0 0 0 0
5 38 39.002115 -107.082469 0.44 0.08 5 0 0 0 0 0 0 1 0 0 0 0 0 0 0 0 0 0 0
6 38 39.003277 -107.070655 0.42 0.14 5 0 0 0 0 0 0 1 0 0 0 0 0 0 0 0 0 0 0
7 38 39.004437 -107.058842 0.40 0.15 5 1 0 0 0 0 0 0 0 0 0 0 0 0 0 0 0 0 0
8 38 39.005595 -107.047027 0.40 0.15 5 1 0 0 0 0 0 0 0 0 0 0 0 0 0 0 0 0 0
9 38 39.006753 -107.035213 0.22 0.23 5 0 0 0 0 0 0 1 0 0 0 0 0 0 0 0 0 0 0
10 38 39.007909 -107.023397 0.22 0.24 5 0 0 0 0 0 0 1 0 0 0 0 0 0 0 0 0 0 0
11 38 39.009064 -107.011582 0.23 0.23 5 0 0 0 0 0 0 1 0 0 0 0 0 0 0 0 0 0 0
12 38 39.010217 -106.999766 0.64 0.06 5 1 0 0 0 0 0 0 0 0 0 0 0 0 0 0 0 0 0
13 38 39.011369 -106.987949 0.45 0.18 5 0 0 0 0 0 0 1 0 0 0 0 0 0 0 0 0 0 0
14 38 39.012520 -106.976132 0.64 0.13 5 0 0 0 0 0 0 1 0 0 0 0 0 0 0 0 0 0 0
15 38 39.013669 -106.964315 0.64 0.13 5 0 0 0 0 0 0 0 0 0 0 0 0 0 0 0 1 0 0
16 38 39.014817 -106.952497 0.64 0.13 4 0 0 0 0 0 0 0 0 0 0 0 0 0 0 0 1 0 0
17 38 39.015963 -106.940679 0.62 0.13 5 0 0 0 0 0 0 1 0 0 0 0 0 0 0 0 0 0 0
18 38 39.017109 -106.928860 0.33 0.16 4 1 0 0 0 0 0 0 0 0 0 0 0 0 0 0 0 0 0
19 38 39.018252 -106.917041 0.33 0.16 4 0 0 0 0 0 0 0 0 0 0 0 0 0 0 0 1 0 0
20 38 39.019395 -106.905222 0.40 0.15 4 0 0 0 0 0 0 0 0 0 0 0 0 0 0 0 1 0 0
21 38 39.020536 -106.893402 0.33 0.15 4 0 0 0 0 0 0 1 0 0 0 0 0 0 0 0 0 0 0
22 38 39.021676 -106.881582 0.39 0.14 4 1 0 0 0 0 0 0 0 0 0 0 0 0 0 0 0 0 0
23 38 39.022814 -106.869761 0.42 0.14 4 0 0 0 0 0 0 0 0 0 0 0 0 0 0 0 1 0 0
24 38 39.023951 -106.857939 0.64 0.13 4 0 0 0 0 0 0 0 0 0 0 0 0 0 0 0 1 0 0
25 38 39.025087 -106.846118 0.64 0.13 4 0 0 0 0 0 0 1 0 0 0 0 0 0 0 0 0 0 0
26 38 39.026222 -106.834296 0.40 0.15 4 0 0 0 0 0 0 0 0 0 0 0 0 0 0 0 1 0 0
27 38 39.027355 -106.822473 0.35 0.15 4 0 0 0 0 0 0 1 0 0 0 0 0 0 0 0 0 0 0
28 38 39.028486 -106.810650 0.31 0.15 4 0 0 0 1 0 0 0 0 0 0 0 0 0 0 0 0 0 0
29 38 39.029617 -106.798827 0.33 0.14 4 1 0 0 0 0 0 0 0 0 0 0 0 0 0 0 0 0 0
30 38 39.030746 -106.787003 0.34 0.14 4 1 0 0 0 0 0 0 0 0 0 0 0 0 0 0 0 0 0
31 38 39.031873 -106.775179 0.26 0.15 4 1 0 0 0 0 0 0 0 0 0 0 0 0 0 0 0 0 0
32 38 39.033000 -106.763354 0.36 0.14 4 0 0 0 0 0 0 1 0 0 0 0 0 0 0 0 0 0 0
1 39 39.006635 -107.131221 0.40 0.15 5 0 0 0 0 0 0 1 0 0 0 0 0 0 0 0 0 0 0
2 39 39.007802 -107.119407 0.32 0.17 5 0 0 0 0 0 0 1 0 0 0 0 0 0 0 0 0 0 0
3 39 39.008968 -107.107593 0.40 0.15 5 0 0 0 0 0 0 1 0 0 0 0 0 0 0 0 0 0 0
4 39 39.010132 -107.095779 0.40 0.03 5 0 0 0 0 0 0 1 0 0 0 0 0 0 0 0 0 0 0
5 39 39.011295 -107.083964 0.40 0.03 5 0 0 0 0 0 0 0 0 0 0 0 0 0 0 0 1 0 0
6 39 39.012457 -107.072149 0.40 0.15 5 0 0 0 0 0 0 1 0 0 0 0 0 0 0 0 0 0 0
7 39 39.013617 -107.060334 0.39 0.14 5 0 0 0 0 0 0 1 0 0 0 0 0 0 0 0 0 0 0
8 39 39.014776 -107.048518 0.37 0.15 5 1 0 0 0 0 0 0 0 0 0 0 0 0 0 0 0 0 0
9 39 39.015934 -107.036701 0.31 0.18 5 1 0 0 0 0 0 0 0 0 0 0 0 0 0 0 0 0 0
10 39 39.017090 -107.024885 0.23 0.23 5 0 0 0 0 0 0 1 0 0 0 0 0 0 0 0 0 0 0
11 39 39.018245 -107.013067 0.26 0.22 5 0 0 0 0 0 0 1 0 0 0 0 0 0 0 0 0 0 0
12 39 39.019399 -107.001249 0.22 0.24 5 0 0 0 0 0 0 1 0 0 0 0 0 0 0 0 0 0 0
13 39 39.020551 -106.989431 0.36 0.22 5 0 0 0 0 0 0 1 0 0 0 0 0 0 0 0 0 0 0
14 39 39.021702 -106.977613 0.61 0.14 5 0 0 0 0 0 0 1 0 0 0 0 0 0 0 0 0 0 0
15 39 39.022851 -106.965794 0.66 0.12 5 0 0 0 0 0 0 0 0 0 0 0 0 0 0 0 1 0 0
16 39 39.023999 -106.953974 0.40 0.15 4 0 0 0 0 0 0 1 0 0 0 0 0 0 0 0 0 0 0
17 39 39.025146 -106.942154 0.23 0.15 4 1 0 0 0 0 0 0 0 0 0 0 0 0 0 0 0 0 0
18 39 39.026291 -106.930334 0.29 0.14 4 1 0 0 0 0 0 0 0 0 0 0 0 0 0 0 0 0 0
19 39 39.027435 -106.918513 0.40 0.13 4 0 0 0 0 0 0 0 0 0 0 0 0 0 0 0 1 0 0
20 39 39.028578 -106.906692 0.64 0.13 4 0 0 0 0 0 0 0 0 0 0 0 0 0 0 0 1 0 0
21 39 39.029719 -106.894870 0.37 0.14 4 0 0 0 0 0 0 1 0 0 0 0 0 0 0 0 0 0 0
22 39 39.030859 -106.883048 0.21 0.15 4 1 0 0 0 0 0 0 0 0 0 0 0 0 0 0 0 0 0
23 39 39.031998 -106.871225 0.33 0.14 4 1 0 0 0 0 0 0 0 0 0 0 0 0 0 0 0 0 0
24 39 39.033135 -106.859402 0.40 0.13 4 0 0 0 0 0 0 0 0 0 0 0 0 0 0 0 1 0 0
25 39 39.034271 -106.847579 0.64 0.13 4 0 0 0 0 0 0 1 0 0 0 0 0 0 0 0 0 0 0
26 39 39.035406 -106.835755 0.40 0.14 4 0 0 0 0 0 0 1 0 0 0 0 0 0 0 0 0 0 0
27 39 39.036539 -106.823931 0.37 0.14 4 0 0 0 0 0 0 1 0 0 0 0 0 0 0 0 0 0 0
28 39 39.037671 -106.812106 0.26 0.15 4 0 0 0 1 0 0 0 0 0 0 0 0 0 0 0 0 0 0
29 39 39.038802 -106.800281 0.22 0.19 4 0 0 0 1 0 0 0 0 0 0 0 0 0 0 0 0 0 0
30 39 39.039931 -106.788456 0.23 0.15 4 0 0 0 1 0 0 0 0 0 0 0 0 0 0 0 0 0 0
31 39 39.041059 -106.776630 0.25 0.16 4 0 0 0 0 0 0 1 0 0 0 0 0 0 0 0 0 0 0
32 39 39.042185 -106.764803 0.35 0.14 4 0 0 0 0 0 0 1 0 0 0 0 0 0 0 0 0 0 0
1 40 39.015815 -107.132723 0.43 0.10 5 0 0 0 0 0 0 1 0 0 0 0 0 0 0 0 0 0 0
2 40 39.016982 -107.120908 0.43 0.10 5 0 0 0 0 0 0 0 0 0 0 0 0 0 0 0 1 0 0
3 40 39.018148 -107.109093 0.40 0.15 5 0 0 0 0 0 0 0 0 0 0 0 0 0 0 0 1 0 0
4 40 39.019313 -107.097277 0.40 0.15 5 0 0 0 0 0 0 0 0 0 1 0 0 0 0 0 0 0 0
5 40 39.020476 -107.085461 0.40 0.15 5 0 0 0 0 0 0 1 0 0 0 0 0 0 0 0 0 0 0
6 40 39.021638 -107.073644 0.40 0.15 5 0 0 0 0 0 0 1 0 0 0 0 0 0 0 0 0 0 0
7 40 39.022798 -107.061826 0.40 0.13 5 0 0 0 0 0 0 1 0 0 0 0 0 0 0 0 0 0 0
8 40 39.023957 -107.050009 0.37 0.14 5 1 0 0 0 0 0 0 0 0 0 0 0 0 0 0 0 0 0
9 40 39.025115 -107.038191 0.40 0.13 5 1 0 0 0 0 0 0 0 0 0 0 0 0 0 0 0 0 0
10 40 39.026272 -107.026372 0.40 0.13 5 1 0 0 0 0 0 0 0 0 0 0 0 0 0 0 0 0 0
11 40 39.027427 -107.014553 0.40 0.15 5 0 0 0 0 0 0 0 0 0 1 0 0 0 0 0 0 0 0
12 40 39.028580 -107.002734 0.31 0.19 5 0 0 0 0 0 0 1 0 0 0 0 0 0 0 0 0 0 0
13 40 39.029733 -106.990914 0.45 0.18 5 0 0 0 0 0 0 1 0 0 0 0 0 0 0 0 0 0 0
14 40 39.030884 -106.979093 0.66 0.12 4 0 0 0 0 0 0 1 0 0 0 0 0 0 0 0 0 0 0
15 40 39.032033 -106.967273 0.64 0.13 5 0 0 0 0 0 0 0 0 0 0 0 0 0 0 0 1 0 0
16 40 39.033182 -106.955451 0.40 0.15 4 0 0 0 0 0 0 1 0 0 0 0 0 0 0 0 0 0 0
17 40 39.034329 -106.943630 0.23 0.17 4 1 0 0 0 0 0 0 0 0 0 0 0 0 0 0 0 0 0
18 40 39.035474 -106.931808 0.30 0.14 4 1 0 0 0 0 0 0 0 0 0 0 0 0 0 0 0 0 0
19 40 39.036619 -106.919985 0.41 0.13 4 0 0 0 0 0 0 1 0 0 0 0 0 0 0 0 0 0 0
20 40 39.037761 -106.908162 0.42 0.14 4 0 0 0 0 0 0 0 0 0 0 0 0 0 0 0 1 0 0
21 40 39.038903 -106.896339 0.21 0.15 4 0 0 0 0 0 0 1 0 0 0 0 0 0 0 0 0 0 0
22 40 39.040043 -106.884515 0.21 0.15 4 0 0 0 0 0 0 1 0 0 0 0 0 0 0 0 0 0 0
23 40 39.041182 -106.872691 0.30 0.15 4 1 0 0 0 0 0 0 0 0 0 0 0 0 0 0 0 0 0
24 40 39.042320 -106.860866 0.30 0.15 4 0 0 0 0 0 0 0 0 0 0 0 0 0 0 0 1 0 0
25 40 39.043456 -106.849041 0.40 0.13 4 0 0 0 0 0 0 0 0 0 0 0 0 0 0 0 1 0 0
26 40 39.044590 -106.837215 0.40 0.15 4 0 0 0 0 0 0 1 0 0 0 0 0 0 0 0 0 0 0
27 40 39.045724 -106.825389 0.42 0.14 4 0 0 0 0 0 0 1 0 0 0 0 0 0 0 0 0 0 0
28 40 39.046856 -106.813563 0.41 0.14 4 1 0 0 0 0 0 0 0 0 0 0 0 0 0 0 0 0 0
29 40 39.047987 -106.801736 0.20 0.20 4 0 0 0 1 0 0 0 0 0 0 0 0 0 0 0 0 0 0
30 40 39.049116 -106.789909 0.20 0.15 4 1 0 0 0 0 0 0 0 0 0 0 0 0 0 0 0 0 0
31 40 39.050244 -106.778081 0.20 0.15 4 1 0 0 0 0 0 0 0 0 0 0 0 0 0 0 0 0 0
32 40 39.051371 -106.766253 0.33 0.14 4 1 0 0 0 0 0 0 0 0 0 0 0 0 0 0 0 0 0
1 41 39.024995 -107.134227 0.43 0.10 5 0 0 0 0 0 0 0 0 0 0 0 0 0 0 0 1 0 0
2 41 39.026162 -107.122410 0.43 0.10 5 0 0 0 0 0 0 0 0 0 0 0 0 0 0 0 1 0 0
3 41 39.027328 -107.110593 0.43 0.10 5 0 0 0 0 0 0 0 0 0 0 0 0 0 0 0 1 0 0
4 41 39.028493 -107.098775 0.43 0.10 5 0 0 0 0 0 0 1 0 0 0 0 0 0 0 0 0 0 0
5 41 39.029657 -107.086957 0.40 0.15 5 0 0 0 0 0 0 1 0 0 0 0 0 0 0 0 0 0 0
6 41 39.030819 -107.075139 0.40 0.15 5 0 0 0 0 0 0 1 0 0 0 0 0 0 0 0 0 0 0
7 41 39.031979 -107.063320 0.40 0.13 5 1 0 0 0 0 0 0 0 0 0 0 0 0 0 0 0 0 0
8 41 39.033139 -107.051500 0.28 0.17 5 1 0 0 0 0 0 0 0 0 0 0 0 0 0 0 0 0 0
9 41 39.034297 -107.039680 0.40 0.13 5 0 0 0 0 0 0 1 0 0 0 0 0 0 0 0 0 0 0
10 41 39.035453 -107.027860 0.40 0.13 5 0 0 0 0 0 0 0 0 0 1 0 0 0 0 0 0 0 0
11 41 39.036608 -107.016039 0.40 0.15 5 0 0 0 0 0 0 0 0 0 1 0 0 0 0 0 0 0 0
12 41 39.037762 -107.004218 0.40 0.15 5 0 0 0 0 0 0 1 0 0 0 0 0 0 0 0 0 0 0
13 41 39.038915 -106.992396 0.39 0.15 4 0 0 0 0 0 0 1 0 0 0 0 0 0 0 0 0 0 0
14 41 39.040066 -106.980574 0.31 0.17 4 0 0 0 0 0 0 1 0 0 0 0 0 0 0 0 0 0 0
15 41 39.041216 -106.968752 0.32 0.17 4 0 0 0 0 0 0 0 0 0 0 0 0 0 0 0 1 0 0
16 41 39.042365 -106.956929 0.32 0.17 4 0 0 0 0 0 0 1 0 0 0 0 0 0 0 0 0 0 0
17 41 39.043512 -106.945106 0.20 0.20 4 0 0 0 0 0 0 1 0 0 0 0 0 0 0 0 0 0 0
18 41 39.044657 -106.933282 0.28 0.14 4 1 0 0 0 0 0 0 0 0 0 0 0 0 0 0 0 0 0
19 41 39.045802 -106.921458 0.40 0.13 4 1 0 0 0 0 0 0 0 0 0 0 0 0 0 0 0 0 0
20 41 39.046945 -106.909633 0.42 0.14 4 0 0 0 0 0 0 0 0 0 0 0 0 0 0 0 1 0 0
21 41 39.048087 -106.897808 0.36 0.14 4 0 0 0 0 0 0 1 0 0 0 0 0 0 0 0 0 0 0
22 41 39.049227 -106.885982 0.22 0.16 4 0 0 0 0 0 0 1 0 0 0 0 0 0 0 0 0 0 0
23 41 39.050366 -106.874156 0.27 0.15 4 1 0 0 0 0 0 0 0 0 0 0 0 0 0 0 0 0 0
24 41 39.051504 -106.862330 0.34 0.14 4 0 0 0 0 0 0 1 0 0 0 0 0 0 0 0 0 0 0
25 41 39.052640 -106.850503 0.41 0.14 4 0 0 0 0 0 0 0 0 0 0 0 0 0 0 0 1 0 0
26 41 39.053775 -106.838676 0.40 0.13 4 0 0 0 0 0 0 1 0 0 0 0 0 0 0 0 0 0 0
27 41 39.054909 -106.826848 0.40 0.13 4 0 0 0 0 0 0 1 0 0 0 0 0 0 0 0 0 0 0
28 41 39.056041 -106.815020 0.35 0.13 4 1 0 0 0 0 0 0 0 0 0 0 0 0 0 0 0 0 0
29 41 39.057172 -106.803191 0.26 0.16 4 0 0 0 1 0 0 0 0 0 0 0 0 0 0 0 0 0 0
30 41 39.058301 -106.791362 0.21 0.16 4 1 0 0 0 0 0 0 0 0 0 0 0 0 0 0 0 0 0
31 41 39.059430 -106.779533 0.21 0.15 4 1 0 0 0 0 0 0 0 0 0 0 0 0 0 0 0 0 0
32 41 39.060556 -106.767703 0.37 0.13 4 0 0 0 0 0 0 1 0 0 0 0 0 0 0 0 0 0 0
